UNITS=MM
#Layer_Color=32768
#
#Feature symbol names
#
$0 r49.9999
$1 r99.9998

#
#Feature attribute names
#

#
#Layer features
#
L 24.75500002 99.61500016 24.75500002 101.04499984 0 P 0
L 24.75500002 99.61500016 27.68500178 99.61500016 0 P 0
L 24.75500002 101.04499984 27.68500178 101.04499984 0 P 0
L 26.03399924 102.33600056 26.03399924 110.0360004 0 P 0
L 26.03399924 102.33600056 35.43400076 102.33600056 0 P 0
L 26.03399924 110.0360004 35.43400076 110.0360004 0 P 0
L 27.61499938 55.95500112 27.61499938 84.96499898 0 P 0
L 27.61499938 55.95500112 79.06500062 55.95500112 0 P 0
L 27.61499938 84.96499898 79.06500062 84.96499898 0 P 0
L 27.63499934 24.16700018 27.63499934 53.17699804 0 P 0
L 27.63499934 24.16700018 79.08500058 24.16700018 0 P 0
L 27.63499934 53.17699804 79.08500058 53.17699804 0 P 0
L 27.68500178 99.61500016 27.68500178 101.04499984 0 P 0
L 28.47983636 99.82983844 28.47983636 100.82983644 0 P 0
L 28.47983636 99.82983844 30.97983644 99.82983844 0 P 0
L 28.47983636 100.82983644 30.97983644 100.82983644 0 P 0
L 29.4798369 100.32983744 29.9798359 100.32983744 1 P 0
L 29.7298364 100.07983794 29.7298364 100.57983694 1 P 0
L 30.234001 106.18600048 31.233999 106.18600048 1 P 0
L 30.734 105.68599894 30.734 106.68599948 1 P 0
L 30.97983644 99.82983844 30.97983644 100.82983644 0 P 0
L 35.43400076 102.33600056 35.43400076 110.0360004 0 P 0
L 36.13200038 87.64599946 36.13200038 98.52600056 0 P 0
L 36.13200038 87.64599946 56.83199962 87.64599946 0 P 0
L 36.13200038 98.52600056 56.83199962 98.52600056 0 P 0
L 36.34456028 111.65099082 36.34456028 117.87099108 0 P 0
L 36.34456028 111.65099082 67.32455928 111.65099082 0 P 0
L 36.34456028 117.87099108 67.32455928 117.87099108 0 P 0
L 37.59991972 99.71508124 37.59991972 102.21508132 0 P 0
L 37.59991972 99.71508124 38.59991772 99.71508124 0 P 0
L 37.59991972 102.21508132 38.59991772 102.21508132 0 P 0
L 37.84991922 100.96508128 38.34991822 100.96508128 1 P 0
L 38.09991872 100.71508178 38.09991872 101.21508078 1 P 0
L 38.59991772 99.71508124 38.59991772 102.21508132 0 P 0
L 43.06499896 102.05500036 43.06499896 104.95499964 0 P 0
L 43.06499896 102.05500036 44.56500104 102.05500036 0 P 0
L 43.06499896 104.95499964 44.56500104 104.95499964 0 P 0
L 43.06499896 106.50000036 43.06499896 109.39999964 0 P 0
L 43.06499896 106.50000036 44.56500104 106.50000036 0 P 0
L 43.06499896 109.39999964 44.56500104 109.39999964 0 P 0
L 43.315001 103.50500254 44.31500154 103.50500254 1 P 0
L 43.315001 107.95000254 44.31500154 107.95000254 1 P 0
L 43.815 103.005001 43.815 104.00500154 1 P 0
L 43.815 107.450001 43.815 108.45000154 1 P 0
L 44.56500104 102.05500036 44.56500104 104.95499964 0 P 0
L 44.56500104 106.50000036 44.56500104 109.39999964 0 P 0
L 45.982001 91.186 46.981999 91.186 1 P 0
L 46.482 90.686001 46.482 91.685999 1 P 0
L 48.01899972 53.60999946 48.01899972 55.609998 0 P 0
L 48.01899972 53.60999946 51.31900074 53.60999946 0 P 0
L 48.01899972 55.609998 51.31900074 55.609998 0 P 0
L 48.77999896 102.05500036 48.77999896 104.95499964 0 P 0
L 48.77999896 102.05500036 50.28000104 102.05500036 0 P 0
L 48.77999896 104.95499964 50.28000104 104.95499964 0 P 0
L 48.77999896 106.50000036 48.77999896 109.39999964 0 P 0
L 48.77999896 106.50000036 50.28000104 106.50000036 0 P 0
L 48.77999896 109.39999964 50.28000104 109.39999964 0 P 0
L 49.030001 103.50500254 50.03000154 103.50500254 1 P 0
L 49.030001 107.95000254 50.03000154 107.95000254 1 P 0
L 49.21899986 54.61 50.1190006 54.61 1 P 0
L 49.53 103.005001 49.53 104.00500154 1 P 0
L 49.53 107.450001 49.53 108.45000154 1 P 0
L 49.6690015 54.15999836 49.6690015 55.0599991 1 P 0
L 50.28000104 102.05500036 50.28000104 104.95499964 0 P 0
L 50.28000104 106.50000036 50.28000104 109.39999964 0 P 0
L 51.31900074 53.60999946 51.31900074 55.609998 0 P 0
L 54.86500076 53.610002 54.86500076 55.61000054 0 P 0
L 54.86500076 53.610002 58.16500178 53.610002 0 P 0
L 54.86500076 55.61000054 58.16500178 55.61000054 0 P 0
L 56.0650009 54.61 56.96500164 54.61 1 P 0
L 56.39999896 102.05500036 56.39999896 104.95499964 0 P 0
L 56.39999896 102.05500036 57.90000104 102.05500036 0 P 0
L 56.39999896 104.95499964 57.90000104 104.95499964 0 P 0
L 56.39999896 106.50000036 56.39999896 109.39999964 0 P 0
L 56.39999896 106.50000036 57.90000104 106.50000036 0 P 0
L 56.39999896 109.39999964 57.90000104 109.39999964 0 P 0
L 56.515 54.1600009 56.515 55.06000164 1 P 0
L 56.650001 103.50500254 57.65000154 103.50500254 1 P 0
L 56.650001 107.95000254 57.65000154 107.95000254 1 P 0
L 56.83199962 87.64599946 56.83199962 98.52600056 0 P 0
L 57.15 103.005001 57.15 104.00500154 1 P 0
L 57.15 107.450001 57.15 108.45000154 1 P 0
L 57.90000104 102.05500036 57.90000104 104.95499964 0 P 0
L 57.90000104 106.50000036 57.90000104 109.39999964 0 P 0
L 58.16500178 53.610002 58.16500178 55.61000054 0 P 0
L 58.23000038 87.64599946 58.23000038 98.52600056 0 P 0
L 58.23000038 87.64599946 78.92999962 87.64599946 0 P 0
L 58.23000038 98.52600056 78.92999962 98.52600056 0 P 0
L 59.30999822 53.60999946 59.30999822 55.609998 0 P 0
L 59.30999822 53.60999946 62.60999924 53.60999946 0 P 0
L 59.30999822 55.609998 62.60999924 55.609998 0 P 0
L 60.50999836 54.61 61.4099991 54.61 1 P 0
L 60.96 54.15999836 60.96 55.0599991 1 P 0
L 62.60999924 53.60999946 62.60999924 55.609998 0 P 0
L 64.50499926 53.60999946 64.50499926 55.609998 0 P 0
L 64.50499926 53.60999946 67.80500028 53.60999946 0 P 0
L 64.50499926 55.609998 67.80500028 55.609998 0 P 0
L 64.65499896 102.2700012 64.65499896 105.17000048 0 P 0
L 64.65499896 102.2700012 66.15500104 102.2700012 0 P 0
L 64.65499896 105.17000048 66.15500104 105.17000048 0 P 0
L 64.65499896 106.50000036 64.65499896 109.39999964 0 P 0
L 64.65499896 106.50000036 66.15500104 106.50000036 0 P 0
L 64.65499896 109.39999964 66.15500104 109.39999964 0 P 0
L 64.905001 103.72000338 65.90500154 103.72000338 1 P 0
L 64.905001 107.95000254 65.90500154 107.95000254 1 P 0
L 65.405 103.22000184 65.405 104.22000238 1 P 0
L 65.405 107.450001 65.405 108.45000154 1 P 0
L 65.7049994 54.61 66.60500014 54.61 1 P 0
L 66.15500104 54.15999836 66.15500104 55.0599991 1 P 0
L 66.15500104 102.2700012 66.15500104 105.17000048 0 P 0
L 66.15500104 106.50000036 66.15500104 109.39999964 0 P 0
L 67.32455928 111.65099082 67.32455928 117.87099108 0 P 0
L 67.80500028 53.60999946 67.80500028 55.609998 0 P 0
L 68.080001 91.186 69.079999 91.186 1 P 0
L 68.58 90.686001 68.58 91.685999 1 P 0
L 78.92999962 87.64599946 78.92999962 98.52600056 0 P 0
L 79.06500062 55.95500112 79.06500062 84.96499898 0 P 0
L 79.08500058 24.16700018 79.08500058 53.17699804 0 P 0
L 79.88499898 61.9800005 79.88499898 75.1799995 0 P 0
L 79.88499898 61.9800005 85.21500102 61.9800005 0 P 0
L 79.88499898 75.1799995 85.21500102 75.1799995 0 P 0
L 80.55500018 100.8500015 80.55500018 102.35000104 0 P 0
L 80.55500018 100.8500015 83.25499986 100.8500015 0 P 0
L 80.55500018 102.35000104 83.25499986 102.35000104 0 P 0
L 80.56500016 98.3100015 80.56500016 99.81000104 0 P 0
L 80.56500016 98.3100015 83.26499984 98.3100015 0 P 0
L 80.56500016 99.81000104 83.26499984 99.81000104 0 P 0
L 81.4350035 82.17499948 81.4350035 89.27500052 0 P 0
L 81.4350035 82.17499948 84.93500412 82.17499948 0 P 0
L 81.4350035 89.27500052 84.93500412 89.27500052 0 P 0
L 81.45500092 101.6 82.35499912 101.6 1 P 0
L 81.4650009 99.06 82.3649991 99.06 1 P 0
L 81.90500002 101.1500009 81.90500002 102.0499991 1 P 0
L 81.915 98.6100009 81.915 99.5099991 1 P 0
L 82.68500354 85.725 83.68500408 85.725 1 P 0
L 83.18500508 85.22499846 83.18500508 86.224999 1 P 0
L 83.25499986 100.8500015 83.25499986 102.35000104 0 P 0
L 83.26499984 98.3100015 83.26499984 99.81000104 0 P 0
L 84.93500412 82.17499948 84.93500412 89.27500052 0 P 0
L 85.21500102 61.9800005 85.21500102 75.1799995 0 P 0
S P 0
OB 30.42000012 86.23000026 I
OS 22.42000088 86.23000026
OS 22.42000088 96.72999958
OS 30.42000012 96.72999958
OS 30.42000012 86.23000026
OE
SE
