UNITS=MM
#Layer_Color=16711935
#
#Feature symbol names
#
$0 r199.9996
$1 r127
$2 r99.9998
$3 r101.6
$4 rect1300.00248x418.20084

#
#Feature attribute names
#

#
#Layer features
#
A 37.92499908 55.63499922 37.92499908 55.63499922 37.82499928 55.63499922 0 P 0 N
A 37.94499904 23.84699828 37.94499904 23.84699828 37.84499924 23.84699828 0 P 0 N
A 67.82456082 114.44099032 67.82456082 114.44099032 67.72456102 114.44099032 0 P 0 N
A 81.3799998 75.58000124 81.3799998 75.58000124 81.28 75.58000124 0 P 0 N
L 22.67000038 86.47999976 22.67000038 96.48000008 2 P 0
L 22.67000038 86.47999976 30.17000062 86.47999976 2 P 0
L 22.67000038 96.48000008 30.17000062 96.48000008 2 P 0
L 25.37000006 99.8800009 25.37000006 100.7799991 1 P 0
L 25.37000006 99.8800009 27.07000174 99.8800009 1 P 0
L 25.37000006 100.7799991 27.07000174 100.7799991 1 P 0
L 27.07000174 99.8800009 27.07000174 100.7799991 1 P 0
L 27.86499888 56.20500062 27.86499888 67.27400058 1 P 0
L 27.86499888 56.20500062 78.81500112 56.20500062 1 P 0
L 27.86499888 67.27400058 27.86499888 73.98500062 1 P 0
L 27.86499888 67.27400058 31.75500126 67.27400058 1 P 0
L 27.86499888 73.98500062 27.86499888 84.71499948 1 P 0
L 27.86499888 73.98500062 31.75500126 73.98500062 1 P 0
L 27.86499888 84.71499948 78.81500112 84.71499948 1 P 0
L 27.88499884 24.41699968 27.88499884 35.48599964 1 P 0
L 27.88499884 24.41699968 78.83500108 24.41699968 1 P 0
L 27.88499884 35.48599964 27.88499884 42.19699968 1 P 0
L 27.88499884 35.48599964 31.77500122 35.48599964 1 P 0
L 27.88499884 42.19699968 27.88499884 52.92699854 1 P 0
L 27.88499884 42.19699968 31.77500122 42.19699968 1 P 0
L 27.88499884 52.92699854 78.83500108 52.92699854 1 P 0
L 28.88400116 102.83599956 28.88400116 109.53599886 2 P 0
L 28.88400116 102.83599956 32.58399884 102.83599956 2 P 0
L 28.88400116 109.53599886 32.58399884 109.53599886 2 P 0
L 28.92983546 99.92983824 28.92983546 100.72983664 2 P 0
L 28.92983546 99.92983824 30.52983734 99.92983824 2 P 0
L 28.92983546 100.72983664 30.52983734 100.72983664 2 P 0
L 30.17000062 86.47999976 30.17000062 96.48000008 2 P 0
L 30.52983734 99.92983824 30.52983734 100.72983664 2 P 0
L 31.75500126 67.27400058 31.75500126 73.98500062 1 P 0
L 31.77500122 35.48599964 31.77500122 42.19699968 1 P 0
L 32.58399884 102.83599956 32.58399884 109.53599886 2 P 0
L 36.38199988 93.2760009 36.38199988 98.27600106 2 P 0
L 36.38199988 93.2760009 56.58200012 93.2760009 2 P 0
L 36.38199988 96.67599918 56.58200012 96.67599918 2 P 0
L 36.38199988 98.27600106 56.58200012 98.27600106 2 P 0
L 36.59455978 111.90099032 36.59455978 117.62099158 1 P 0
L 36.59455978 111.90099032 36.59455978 117.62099158 1 P 0
L 36.59455978 111.90099032 67.07455978 111.90099032 1 P 0
L 36.59455978 117.62099158 67.07455978 117.62099158 1 P 0
L 36.59455978 117.62099158 67.07455978 117.62099158 1 P 0
L 37.66799934 104.83900038 37.66799934 105.55099794 3 P 0
L 37.69991952 100.16508034 37.69991952 101.76508222 2 P 0
L 37.69991952 100.16508034 38.49991792 100.16508034 2 P 0
L 37.69991952 101.76508222 38.49991792 101.76508222 2 P 0
L 38.49991792 100.16508034 38.49991792 101.76508222 2 P 0
L 38.51900094 104.83900038 38.51900094 105.55099794 3 P 0
L 43.16499876 102.65499916 43.16499876 104.35500084 2 P 0
L 43.16499876 102.65499916 44.46500124 102.65499916 2 P 0
L 43.16499876 104.35500084 44.46500124 104.35500084 2 P 0
L 43.16499876 107.09999916 43.16499876 108.80000084 2 P 0
L 43.16499876 107.09999916 44.46500124 107.09999916 2 P 0
L 43.16499876 108.80000084 44.46500124 108.80000084 2 P 0
L 44.46500124 102.65499916 44.46500124 104.35500084 2 P 0
L 44.46500124 107.09999916 44.46500124 108.80000084 2 P 0
L 48.81900066 54.15999836 48.81900066 55.0599991 2 P 0
L 48.81900066 54.15999836 50.5189998 54.15999836 2 P 0
L 48.81900066 55.0599991 50.5189998 55.0599991 2 P 0
L 48.87999876 102.65499916 48.87999876 104.35500084 2 P 0
L 48.87999876 102.65499916 50.18000124 102.65499916 2 P 0
L 48.87999876 104.35500084 50.18000124 104.35500084 2 P 0
L 48.87999876 107.09999916 48.87999876 108.80000084 2 P 0
L 48.87999876 107.09999916 50.18000124 107.09999916 2 P 0
L 48.87999876 108.80000084 50.18000124 108.80000084 2 P 0
L 50.18000124 102.65499916 50.18000124 104.35500084 2 P 0
L 50.18000124 107.09999916 50.18000124 108.80000084 2 P 0
L 50.5189998 54.15999836 50.5189998 55.0599991 2 P 0
L 55.6650017 54.1600009 55.6650017 55.06000164 2 P 0
L 55.6650017 54.1600009 57.36500084 54.1600009 2 P 0
L 55.6650017 55.06000164 57.36500084 55.06000164 2 P 0
L 56.49999876 102.65499916 56.49999876 104.35500084 2 P 0
L 56.49999876 102.65499916 57.80000124 102.65499916 2 P 0
L 56.49999876 104.35500084 57.80000124 104.35500084 2 P 0
L 56.49999876 107.09999916 56.49999876 108.80000084 2 P 0
L 56.49999876 107.09999916 57.80000124 107.09999916 2 P 0
L 56.49999876 108.80000084 57.80000124 108.80000084 2 P 0
L 56.58200012 93.2760009 56.58200012 98.27600106 2 P 0
L 57.36500084 54.1600009 57.36500084 55.06000164 2 P 0
L 57.80000124 102.65499916 57.80000124 104.35500084 2 P 0
L 57.80000124 107.09999916 57.80000124 108.80000084 2 P 0
L 58.47999988 93.2760009 58.47999988 98.27600106 2 P 0
L 58.47999988 93.2760009 78.68000012 93.2760009 2 P 0
L 58.47999988 96.67599918 78.68000012 96.67599918 2 P 0
L 58.47999988 98.27600106 78.68000012 98.27600106 2 P 0
L 59.69500126 61.57500004 59.69500126 79.26500022 1 P 0
L 59.69500126 61.57500004 72.32499886 61.57500004 1 P 0
L 59.69500126 79.26500022 72.32499886 79.26500022 1 P 0
L 59.71500122 29.7869991 59.71500122 47.47699928 1 P 0
L 59.71500122 29.7869991 72.34499882 29.7869991 1 P 0
L 59.71500122 47.47699928 72.34499882 47.47699928 1 P 0
L 60.10999916 54.15999836 60.10999916 55.0599991 2 P 0
L 60.10999916 54.15999836 61.8099983 54.15999836 2 P 0
L 60.10999916 55.0599991 61.8099983 55.0599991 2 P 0
L 61.8099983 54.15999836 61.8099983 55.0599991 2 P 0
L 64.75499876 102.87 64.75499876 104.57000168 2 P 0
L 64.75499876 102.87 66.05500124 102.87 2 P 0
L 64.75499876 104.57000168 66.05500124 104.57000168 2 P 0
L 64.75499876 107.09999916 64.75499876 108.80000084 2 P 0
L 64.75499876 107.09999916 66.05500124 107.09999916 2 P 0
L 64.75499876 108.80000084 66.05500124 108.80000084 2 P 0
L 65.3050002 54.15999836 65.3050002 55.0599991 2 P 0
L 65.3050002 54.15999836 67.00499934 54.15999836 2 P 0
L 65.3050002 55.0599991 67.00499934 55.0599991 2 P 0
L 66.05500124 102.87 66.05500124 104.57000168 2 P 0
L 66.05500124 107.09999916 66.05500124 108.80000084 2 P 0
L 67.00499934 54.15999836 67.00499934 55.0599991 2 P 0
L 67.07455978 111.90099032 67.07455978 117.62099158 1 P 0
L 67.07455978 111.90099032 67.07455978 117.62099158 1 P 0
L 72.32499886 61.57500004 72.32499886 79.26500022 1 P 0
L 72.32499886 61.57500004 78.81500112 61.57500004 1 P 0
L 72.32499886 79.26500022 78.81500112 79.26500022 1 P 0
L 72.34499882 29.7869991 72.34499882 47.47699928 1 P 0
L 72.34499882 29.7869991 78.83500108 29.7869991 1 P 0
L 72.34499882 47.47699928 78.83500108 47.47699928 1 P 0
L 78.68000012 93.2760009 78.68000012 98.27600106 2 P 0
L 78.81500112 56.20500062 78.81500112 61.57500004 1 P 0
L 78.81500112 61.57500004 78.81500112 79.26500022 1 P 0
L 78.81500112 79.26500022 78.81500112 84.71499948 1 P 0
L 78.83500108 24.41699968 78.83500108 29.7869991 1 P 0
L 78.83500108 29.7869991 78.83500108 47.47699928 1 P 0
L 78.83500108 47.47699928 78.83500108 52.92699854 1 P 0
L 80.13500102 62.23 80.13500102 74.93 1 P 0
L 80.13500102 62.23 84.96499898 62.23 1 P 0
L 80.13500102 62.23 84.96499898 62.23 1 P 0
L 80.13500102 74.93 84.96499898 74.93 1 P 0
L 80.13500102 74.93 84.96499898 74.93 1 P 0
L 81.05499918 101.1500009 81.05499918 102.0499991 2 P 0
L 81.05499918 101.1500009 82.75500086 101.1500009 2 P 0
L 81.05499918 102.0499991 82.75500086 102.0499991 2 P 0
L 81.06499916 98.6100009 81.06499916 99.5099991 2 P 0
L 81.06499916 98.6100009 82.76500084 98.6100009 2 P 0
L 81.06499916 99.5099991 82.76500084 99.5099991 2 P 0
L 81.4850034 82.47499888 81.4850034 88.97499858 2 P 0
L 81.4850034 82.47499888 84.88500422 82.47499888 2 P 0
L 81.4850034 88.97499858 84.88500422 88.97499858 2 P 0
L 82.75500086 101.1500009 82.75500086 102.0499991 2 P 0
L 82.76500084 98.6100009 82.76500084 99.5099991 2 P 0
L 84.88500422 82.47499888 84.88500422 88.97499858 2 P 0
L 84.96499898 62.23 84.96499898 74.93 1 P 0
L 84.96499898 62.23 84.96499898 74.93 1 P 0
P 43.80910466 104.14573532 4 P 0 0
P 43.81064898 108.5924168 4 P 0 0
P 49.52348998 104.14570992 4 P 0 0
P 49.5273965 108.59230504 4 P 0 0
P 57.1470663 108.59091312 4 P 0 0
P 57.14730506 104.14567944 4 P 0 0
P 65.40142622 108.59097916 4 P 0 0
P 65.4024727 104.36084284 4 P 0 0
S P 0
OB 38.57046642 104.35578824 I
OS 37.61989936 104.35578824
OS 37.61989936 104.85689976
OS 38.57046642 104.85689976
OS 38.57046642 104.35578824
OE
SE
S P 0
OB 38.57084488 105.5258621 I
OS 37.61989936 105.5258621
OS 37.61989936 106.02529976
OS 38.57084488 106.02529976
OS 38.57084488 105.5258621
OE
SE
