UNITS=MM
#Layer_Color=9474304
#
#Feature symbol names
#
$0 r127
$1 r169.33164

#
#Feature attribute names
#

#
#Layer features
#
A 38.33299928 57.785 38.33299928 57.785 37.82499928 57.785 1 P 0 N
A 38.33299928 83.185 38.33299928 83.185 37.82499928 83.185 1 P 0 N
A 38.35299924 25.99699906 38.35299924 25.99699906 37.84499924 25.99699906 1 P 0 N
A 38.35299924 51.39699906 38.35299924 51.39699906 37.84499924 51.39699906 1 P 0 N
A 38.37255978 114.44099032 38.37255978 114.44099032 37.86455978 114.44099032 1 P 0 N
A 40.87299928 57.785 40.87299928 57.785 40.36499928 57.785 1 P 0 N
A 40.87299928 83.185 40.87299928 83.185 40.36499928 83.185 1 P 0 N
A 40.89299924 25.99699906 40.89299924 25.99699906 40.38499924 25.99699906 1 P 0 N
A 40.89299924 51.39699906 40.89299924 51.39699906 40.38499924 51.39699906 1 P 0 N
A 40.91255978 114.44099032 40.91255978 114.44099032 40.40455978 114.44099032 1 P 0 N
A 43.41299928 57.785 43.41299928 57.785 42.90499928 57.785 1 P 0 N
A 43.41299928 83.185 43.41299928 83.185 42.90499928 83.185 1 P 0 N
A 43.43299924 25.99699906 43.43299924 25.99699906 42.92499924 25.99699906 1 P 0 N
A 43.43299924 51.39699906 43.43299924 51.39699906 42.92499924 51.39699906 1 P 0 N
A 43.45255978 114.44099032 43.45255978 114.44099032 42.94455978 114.44099032 1 P 0 N
A 45.95299928 57.785 45.95299928 57.785 45.44499928 57.785 1 P 0 N
A 45.95299928 83.185 45.95299928 83.185 45.44499928 83.185 1 P 0 N
A 45.97299924 25.99699906 45.97299924 25.99699906 45.46499924 25.99699906 1 P 0 N
A 45.97299924 51.39699906 45.97299924 51.39699906 45.46499924 51.39699906 1 P 0 N
A 45.99255978 114.44099032 45.99255978 114.44099032 45.48455978 114.44099032 1 P 0 N
A 48.49299928 57.785 48.49299928 57.785 47.98499928 57.785 1 P 0 N
A 48.49299928 83.185 48.49299928 83.185 47.98499928 83.185 1 P 0 N
A 48.51299924 25.99699906 48.51299924 25.99699906 48.00499924 25.99699906 1 P 0 N
A 48.51299924 51.39699906 48.51299924 51.39699906 48.00499924 51.39699906 1 P 0 N
A 48.53255978 114.44099032 48.53255978 114.44099032 48.02455978 114.44099032 1 P 0 N
A 51.03299928 57.785 51.03299928 57.785 50.52499928 57.785 1 P 0 N
A 51.03299928 83.185 51.03299928 83.185 50.52499928 83.185 1 P 0 N
A 51.05299924 25.99699906 51.05299924 25.99699906 50.54499924 25.99699906 1 P 0 N
A 51.05299924 51.39699906 51.05299924 51.39699906 50.54499924 51.39699906 1 P 0 N
A 51.07255978 114.44099032 51.07255978 114.44099032 50.56455978 114.44099032 1 P 0 N
A 53.57299928 57.785 53.57299928 57.785 53.06499928 57.785 1 P 0 N
A 53.57299928 83.185 53.57299928 83.185 53.06499928 83.185 1 P 0 N
A 53.59299924 25.99699906 53.59299924 25.99699906 53.08499924 25.99699906 1 P 0 N
A 53.59299924 51.39699906 53.59299924 51.39699906 53.08499924 51.39699906 1 P 0 N
A 53.61255978 114.44099032 53.61255978 114.44099032 53.10455978 114.44099032 1 P 0 N
A 56.11299928 57.785 56.11299928 57.785 55.60499928 57.785 1 P 0 N
A 56.11299928 83.185 56.11299928 83.185 55.60499928 83.185 1 P 0 N
A 56.13299924 25.99699906 56.13299924 25.99699906 55.62499924 25.99699906 1 P 0 N
A 56.13299924 51.39699906 56.13299924 51.39699906 55.62499924 51.39699906 1 P 0 N
A 56.15255978 114.44099032 56.15255978 114.44099032 55.64455978 114.44099032 1 P 0 N
A 58.65299928 57.785 58.65299928 57.785 58.14499928 57.785 1 P 0 N
A 58.65299928 83.185 58.65299928 83.185 58.14499928 83.185 1 P 0 N
A 58.67299924 25.99699906 58.67299924 25.99699906 58.16499924 25.99699906 1 P 0 N
A 58.67299924 51.39699906 58.67299924 51.39699906 58.16499924 51.39699906 1 P 0 N
A 58.69255978 114.44099032 58.69255978 114.44099032 58.18455978 114.44099032 1 P 0 N
A 61.19299928 57.785 61.19299928 57.785 60.68499928 57.785 1 P 0 N
A 61.19299928 83.185 61.19299928 83.185 60.68499928 83.185 1 P 0 N
A 61.21299924 25.99699906 61.21299924 25.99699906 60.70499924 25.99699906 1 P 0 N
A 61.21299924 51.39699906 61.21299924 51.39699906 60.70499924 51.39699906 1 P 0 N
A 61.23255978 114.44099032 61.23255978 114.44099032 60.72455978 114.44099032 1 P 0 N
A 63.73299928 57.785 63.73299928 57.785 63.22499928 57.785 1 P 0 N
A 63.73299928 83.185 63.73299928 83.185 63.22499928 83.185 1 P 0 N
A 63.75299924 25.99699906 63.75299924 25.99699906 63.24499924 25.99699906 1 P 0 N
A 63.75299924 51.39699906 63.75299924 51.39699906 63.24499924 51.39699906 1 P 0 N
A 63.77255978 114.44099032 63.77255978 114.44099032 63.26455978 114.44099032 1 P 0 N
A 66.27299928 57.785 66.27299928 57.785 65.76499928 57.785 1 P 0 N
A 66.27299928 83.185 66.27299928 83.185 65.76499928 83.185 1 P 0 N
A 66.29299924 25.99699906 66.29299924 25.99699906 65.78499924 25.99699906 1 P 0 N
A 66.29299924 51.39699906 66.29299924 51.39699906 65.78499924 51.39699906 1 P 0 N
A 66.31255978 114.44099032 66.31255978 114.44099032 65.80455978 114.44099032 1 P 0 N
A 68.81299928 57.785 68.81299928 57.785 68.30499928 57.785 1 P 0 N
A 68.81299928 83.185 68.81299928 83.185 68.30499928 83.185 1 P 0 N
A 68.83299924 25.99699906 68.83299924 25.99699906 68.32499924 25.99699906 1 P 0 N
A 68.83299924 51.39699906 68.83299924 51.39699906 68.32499924 51.39699906 1 P 0 N
A 71.35299928 57.785 71.35299928 57.785 70.84499928 57.785 1 P 0 N
A 71.35299928 83.185 71.35299928 83.185 70.84499928 83.185 1 P 0 N
A 71.37299924 25.99699906 71.37299924 25.99699906 70.86499924 25.99699906 1 P 0 N
A 71.37299924 51.39699906 71.37299924 51.39699906 70.86499924 51.39699906 1 P 0 N
A 73.89299928 57.785 73.89299928 57.785 73.38499928 57.785 1 P 0 N
A 73.89299928 83.185 73.89299928 83.185 73.38499928 83.185 1 P 0 N
A 73.91299924 25.99699906 73.91299924 25.99699906 73.40499924 25.99699906 1 P 0 N
A 73.91299924 51.39699906 73.91299924 51.39699906 73.40499924 51.39699906 1 P 0 N
L 22.987 99.822 22.987 100.076 0 P 0
L 22.987 99.822 23.241 99.822 0 P 0
L 22.987 100.076 23.241 100.33 0 P 0
L 22.987 100.584 22.987 100.838 0 P 0
L 22.987 100.584 23.241 100.33 0 P 0
L 22.987 100.838 23.241 100.838 0 P 0
L 23.241 99.822 23.495 100.076 0 P 0
L 23.241 100.838 23.495 100.584 0 P 0
L 23.495 100.076 23.749 99.822 0 P 0
L 23.495 100.584 23.749 100.838 0 P 0
L 23.622 26.035 24.13 25.527 0 P 0
L 23.622 26.035 24.13 26.543 0 P 0
L 23.622 115.57 24.13 115.062 0 P 0
L 23.622 115.57 24.13 116.078 0 P 0
L 23.749 99.822 24.003 99.822 0 P 0
L 23.749 100.33 24.003 100.076 0 P 0
L 23.749 100.33 24.003 100.584 0 P 0
L 23.749 100.838 24.003 100.838 0 P 0
L 24.003 99.822 24.003 100.076 0 P 0
L 24.003 100.584 24.003 100.838 0 P 0
L 24.13 25.527 24.638 26.035 0 P 0
L 24.13 26.543 24.638 26.035 0 P 0
L 24.13 115.062 24.638 115.57 0 P 0
L 24.13 116.078 24.638 115.57 0 P 0
L 26.162 89.48799984 26.67 88.47199984 0 P 0
L 26.162 89.48799984 27.178 89.48799984 0 P 0
L 26.162 94.488 26.67 93.472 0 P 0
L 26.162 94.488 27.178 94.488 0 P 0
L 26.67 88.47199984 27.178 89.48799984 0 P 0
L 26.67 93.472 27.178 94.488 0 P 0
L 29.35699996 57.69699916 29.35699996 58.71299916 0 P 0
L 29.35699996 57.69699916 30.37299996 57.69699916 0 P 0
L 29.35699996 58.71299916 30.37299996 58.71299916 0 P 0
L 29.35699996 82.20700094 29.35699996 83.22300094 0 P 0
L 29.35699996 82.20700094 30.37299996 82.20700094 0 P 0
L 29.35699996 83.22300094 30.37299996 83.22300094 0 P 0
L 29.37699992 25.90899822 29.37699992 26.92499822 0 P 0
L 29.37699992 25.90899822 30.39299992 25.90899822 0 P 0
L 29.37699992 26.92499822 30.39299992 26.92499822 0 P 0
L 29.37699992 50.419 29.37699992 51.435 0 P 0
L 29.37699992 50.419 30.39299992 50.419 0 P 0
L 29.37699992 51.435 30.39299992 51.435 0 P 0
L 30.37299996 57.69699916 30.37299996 58.71299916 0 P 0
L 30.37299996 82.20700094 30.37299996 83.22300094 0 P 0
L 30.39299992 25.90899822 30.39299992 26.92499822 0 P 0
L 30.39299992 50.419 30.39299992 51.435 0 P 0
L 32.512 88.392 32.512 88.646 0 P 0
L 32.512 88.392 32.766 88.392 0 P 0
L 32.512 88.646 32.766 88.9 0 P 0
L 32.512 89.154 32.512 89.408 0 P 0
L 32.512 89.154 32.766 88.9 0 P 0
L 32.512 89.408 32.766 89.408 0 P 0
L 32.687641 86.56535646 32.687641 86.81935646 0 P 0
L 32.687641 86.56535646 32.941641 86.56535646 0 P 0
L 32.687641 86.81935646 32.941641 87.07335646 0 P 0
L 32.687641 87.32735646 32.687641 87.58135646 0 P 0
L 32.687641 87.32735646 32.941641 87.07335646 0 P 0
L 32.687641 87.58135646 32.941641 87.58135646 0 P 0
L 32.766 88.392 33.02 88.646 0 P 0
L 32.766 89.408 33.02 89.154 0 P 0
L 32.941641 86.56535646 33.195641 86.81935646 0 P 0
L 32.941641 87.58135646 33.195641 87.32735646 0 P 0
L 33.02 88.646 33.274 88.392 0 P 0
L 33.02 89.154 33.274 89.408 0 P 0
L 33.147 101.092 33.147 101.346 0 P 0
L 33.147 101.092 33.401 101.092 0 P 0
L 33.147 101.346 33.401 101.6 0 P 0
L 33.147 101.854 33.147 102.108 0 P 0
L 33.147 101.854 33.401 101.6 0 P 0
L 33.147 102.108 33.401 102.108 0 P 0
L 33.195641 86.81935646 33.449641 86.56535646 0 P 0
L 33.195641 87.32735646 33.449641 87.58135646 0 P 0
L 33.274 88.392 33.528 88.392 0 P 0
L 33.274 88.9 33.528 88.646 0 P 0
L 33.274 88.9 33.528 89.154 0 P 0
L 33.274 89.408 33.528 89.408 0 P 0
L 33.401 101.092 33.655 101.346 0 P 0
L 33.401 102.108 33.655 101.854 0 P 0
L 33.449641 86.56535646 33.703641 86.56535646 0 P 0
L 33.449641 87.07335646 33.703641 86.81935646 0 P 0
L 33.449641 87.07335646 33.703641 87.32735646 0 P 0
L 33.449641 87.58135646 33.703641 87.58135646 0 P 0
L 33.528 88.392 33.528 88.646 0 P 0
L 33.528 89.154 33.528 89.408 0 P 0
L 33.655 101.346 33.909 101.092 0 P 0
L 33.655 101.854 33.909 102.108 0 P 0
L 33.703641 86.56535646 33.703641 86.81935646 0 P 0
L 33.703641 87.32735646 33.703641 87.58135646 0 P 0
L 33.782 109.982 33.782 110.236 0 P 0
L 33.782 109.982 34.036 109.982 0 P 0
L 33.782 110.236 34.036 110.49 0 P 0
L 33.782 110.744 33.782 110.998 0 P 0
L 33.782 110.744 34.036 110.49 0 P 0
L 33.782 110.998 34.036 110.998 0 P 0
L 33.909 101.092 34.163 101.092 0 P 0
L 33.909 101.6 34.163 101.346 0 P 0
L 33.909 101.6 34.163 101.854 0 P 0
L 33.909 102.108 34.163 102.108 0 P 0
L 34.036 109.982 34.29 110.236 0 P 0
L 34.036 110.998 34.29 110.744 0 P 0
L 34.163 101.092 34.163 101.346 0 P 0
L 34.163 101.854 34.163 102.108 0 P 0
L 34.29 110.236 34.544 109.982 0 P 0
L 34.29 110.744 34.544 110.998 0 P 0
L 34.544 109.982 34.798 109.982 0 P 0
L 34.544 110.49 34.798 110.236 0 P 0
L 34.544 110.49 34.798 110.744 0 P 0
L 34.544 110.998 34.798 110.998 0 P 0
L 34.798 109.982 34.798 110.236 0 P 0
L 34.798 110.744 34.798 110.998 0 P 0
L 36.195 77.724 36.195 77.978 0 P 0
L 36.195 77.724 36.449 77.724 0 P 0
L 36.195 77.978 36.449 78.232 0 P 0
L 36.195 78.486 36.195 78.74 0 P 0
L 36.195 78.486 36.449 78.232 0 P 0
L 36.195 78.74 36.449 78.74 0 P 0
L 36.449 77.724 36.703 77.978 0 P 0
L 36.449 78.74 36.703 78.486 0 P 0
L 36.703 77.978 36.957 77.724 0 P 0
L 36.703 78.486 36.957 78.74 0 P 0
L 36.957 77.724 37.211 77.724 0 P 0
L 36.957 78.232 37.211 77.978 0 P 0
L 36.957 78.232 37.211 78.486 0 P 0
L 36.957 78.74 37.211 78.74 0 P 0
L 37.0704618 98.4385382 37.0704618 98.6925382 0 P 0
L 37.0704618 98.4385382 37.3244618 98.4385382 0 P 0
L 37.0704618 98.6925382 37.3244618 98.9465382 0 P 0
L 37.0704618 99.2005382 37.0704618 99.4545382 0 P 0
L 37.0704618 99.2005382 37.3244618 98.9465382 0 P 0
L 37.0704618 99.4545382 37.3244618 99.4545382 0 P 0
L 37.084 88.392 37.084 88.9 0 P 0
L 37.084 88.392 37.338 88.392 0 P 0
L 37.084 88.9 37.338 88.9 0 P 0
L 37.211 77.724 37.211 77.978 0 P 0
L 37.211 78.486 37.211 78.74 0 P 0
L 37.3244618 98.4385382 37.5784618 98.6925382 0 P 0
L 37.3244618 99.4545382 37.5784618 99.2005382 0 P 0
L 37.338 88.138 37.338 88.392 0 P 0
L 37.338 88.138 37.846 88.138 0 P 0
L 37.338 88.9 37.338 89.154 0 P 0
L 37.338 89.154 37.846 89.154 0 P 0
L 37.5784618 98.6925382 37.8324618 98.4385382 0 P 0
L 37.5784618 99.2005382 37.8324618 99.4545382 0 P 0
L 37.592 107.442 37.592 107.696 0 P 0
L 37.592 107.442 37.846 107.442 0 P 0
L 37.592 107.696 37.846 107.95 0 P 0
L 37.592 108.204 37.592 108.458 0 P 0
L 37.592 108.204 37.846 107.95 0 P 0
L 37.592 108.458 37.846 108.458 0 P 0
L 37.8324618 98.4385382 38.0864618 98.4385382 0 P 0
L 37.8324618 98.9465382 38.0864618 98.6925382 0 P 0
L 37.8324618 98.9465382 38.0864618 99.2005382 0 P 0
L 37.8324618 99.4545382 38.0864618 99.4545382 0 P 0
L 37.846 88.138 37.846 88.392 0 P 0
L 37.846 88.392 38.1 88.392 0 P 0
L 37.846 88.9 37.846 89.154 0 P 0
L 37.846 88.9 38.1 88.9 0 P 0
L 37.846 107.442 38.1 107.696 0 P 0
L 37.846 108.458 38.1 108.204 0 P 0
L 38.0864618 98.4385382 38.0864618 98.6925382 0 P 0
L 38.0864618 99.2005382 38.0864618 99.4545382 0 P 0
L 38.1 88.392 38.1 88.9 0 P 0
L 38.1 107.696 38.354 107.442 0 P 0
L 38.1 108.204 38.354 108.458 0 P 0
L 38.354 93.472 38.354 93.98 0 P 0
L 38.354 93.472 38.608 93.472 0 P 0
L 38.354 93.98 38.608 93.98 0 P 0
L 38.354 107.442 38.608 107.442 0 P 0
L 38.354 107.95 38.608 107.696 0 P 0
L 38.354 107.95 38.608 108.204 0 P 0
L 38.354 108.458 38.608 108.458 0 P 0
L 38.608 93.218 38.608 93.472 0 P 0
L 38.608 93.218 39.116 93.218 0 P 0
L 38.608 93.98 38.608 94.234 0 P 0
L 38.608 94.234 39.116 94.234 0 P 0
L 38.608 107.442 38.608 107.696 0 P 0
L 38.608 108.204 38.608 108.458 0 P 0
L 39.116 93.218 39.116 93.472 0 P 0
L 39.116 93.472 39.37 93.472 0 P 0
L 39.116 93.98 39.116 94.234 0 P 0
L 39.116 93.98 39.37 93.98 0 P 0
L 39.37 93.472 39.37 93.98 0 P 0
L 39.624 88.392 39.624 88.9 0 P 0
L 39.624 88.392 39.878 88.392 0 P 0
L 39.624 88.9 39.878 88.9 0 P 0
L 39.878 88.138 39.878 88.392 0 P 0
L 39.878 88.138 40.386 88.138 0 P 0
L 39.878 88.9 39.878 89.154 0 P 0
L 39.878 89.154 40.386 89.154 0 P 0
L 40.386 88.138 40.386 88.392 0 P 0
L 40.386 88.392 40.64 88.392 0 P 0
L 40.386 88.9 40.386 89.154 0 P 0
L 40.386 88.9 40.64 88.9 0 P 0
L 40.64 88.392 40.64 88.9 0 P 0
L 40.894 93.472 40.894 93.98 0 P 0
L 40.894 93.472 41.148 93.472 0 P 0
L 40.894 93.98 41.148 93.98 0 P 0
L 41.148 93.218 41.148 93.472 0 P 0
L 41.148 93.218 41.656 93.218 0 P 0
L 41.148 93.98 41.148 94.234 0 P 0
L 41.148 94.234 41.656 94.234 0 P 0
L 41.656 93.218 41.656 93.472 0 P 0
L 41.656 93.472 41.91 93.472 0 P 0
L 41.656 93.98 41.656 94.234 0 P 0
L 41.656 93.98 41.91 93.98 0 P 0
L 41.656 109.982 41.656 110.236 0 P 0
L 41.656 109.982 41.91 109.982 0 P 0
L 41.656 110.236 41.91 110.49 0 P 0
L 41.656 110.744 41.656 110.998 0 P 0
L 41.656 110.744 41.91 110.49 0 P 0
L 41.656 110.998 41.91 110.998 0 P 0
L 41.91 93.472 41.91 93.98 0 P 0
L 41.91 109.982 42.164 110.236 0 P 0
L 41.91 110.998 42.164 110.744 0 P 0
L 42.164 88.392 42.164 88.9 0 P 0
L 42.164 88.392 42.418 88.392 0 P 0
L 42.164 88.9 42.418 88.9 0 P 0
L 42.164 110.236 42.418 109.982 0 P 0
L 42.164 110.744 42.418 110.998 0 P 0
L 42.418 88.138 42.418 88.392 0 P 0
L 42.418 88.138 42.926 88.138 0 P 0
L 42.418 88.9 42.418 89.154 0 P 0
L 42.418 89.154 42.926 89.154 0 P 0
L 42.418 109.982 42.672 109.982 0 P 0
L 42.418 110.49 42.672 110.236 0 P 0
L 42.418 110.49 42.672 110.744 0 P 0
L 42.418 110.998 42.672 110.998 0 P 0
L 42.672 109.982 42.672 110.236 0 P 0
L 42.672 110.744 42.672 110.998 0 P 0
L 42.926 88.138 42.926 88.392 0 P 0
L 42.926 88.392 43.18 88.392 0 P 0
L 42.926 88.9 42.926 89.154 0 P 0
L 42.926 88.9 43.18 88.9 0 P 0
L 43.18 88.392 43.18 88.9 0 P 0
L 43.434 93.472 43.434 93.98 0 P 0
L 43.434 93.472 43.688 93.472 0 P 0
L 43.434 93.98 43.688 93.98 0 P 0
L 43.688 93.218 43.688 93.472 0 P 0
L 43.688 93.218 44.196 93.218 0 P 0
L 43.688 93.98 43.688 94.234 0 P 0
L 43.688 94.234 44.196 94.234 0 P 0
L 44.196 93.218 44.196 93.472 0 P 0
L 44.196 93.472 44.45 93.472 0 P 0
L 44.196 93.98 44.196 94.234 0 P 0
L 44.196 93.98 44.45 93.98 0 P 0
L 44.45 93.472 44.45 93.98 0 P 0
L 44.704 88.392 44.704 88.9 0 P 0
L 44.704 88.392 44.958 88.392 0 P 0
L 44.704 88.9 44.958 88.9 0 P 0
L 44.958 88.138 44.958 88.392 0 P 0
L 44.958 88.138 45.466 88.138 0 P 0
L 44.958 88.9 44.958 89.154 0 P 0
L 44.958 89.154 45.466 89.154 0 P 0
L 45.085 101.727 45.085 101.981 0 P 0
L 45.085 101.727 45.339 101.727 0 P 0
L 45.085 101.981 45.339 102.235 0 P 0
L 45.085 102.489 45.085 102.743 0 P 0
L 45.085 102.489 45.339 102.235 0 P 0
L 45.085 102.743 45.339 102.743 0 P 0
L 45.339 101.727 45.593 101.981 0 P 0
L 45.339 102.743 45.593 102.489 0 P 0
L 45.466 88.138 45.466 88.392 0 P 0
L 45.466 88.392 45.72 88.392 0 P 0
L 45.466 88.9 45.466 89.154 0 P 0
L 45.466 88.9 45.72 88.9 0 P 0
L 45.593 101.981 45.847 101.727 0 P 0
L 45.593 102.489 45.847 102.743 0 P 0
L 45.72 88.392 45.72 88.9 0 P 0
L 45.847 101.727 46.101 101.727 0 P 0
L 45.847 102.235 46.101 101.981 0 P 0
L 45.847 102.235 46.101 102.489 0 P 0
L 45.847 102.743 46.101 102.743 0 P 0
L 45.974 93.472 45.974 93.98 0 P 0
L 45.974 93.472 46.228 93.472 0 P 0
L 45.974 93.98 46.228 93.98 0 P 0
L 46.101 101.727 46.101 101.981 0 P 0
L 46.101 102.489 46.101 102.743 0 P 0
L 46.228 93.218 46.228 93.472 0 P 0
L 46.228 93.218 46.736 93.218 0 P 0
L 46.228 93.98 46.228 94.234 0 P 0
L 46.228 94.234 46.736 94.234 0 P 0
L 46.736 93.218 46.736 93.472 0 P 0
L 46.736 93.472 46.99 93.472 0 P 0
L 46.736 93.98 46.736 94.234 0 P 0
L 46.736 93.98 46.99 93.98 0 P 0
L 46.99 93.472 46.99 93.98 0 P 0
L 47.244 88.392 47.244 88.9 0 P 0
L 47.244 88.392 47.498 88.392 0 P 0
L 47.244 88.9 47.498 88.9 0 P 0
L 47.498 88.138 47.498 88.392 0 P 0
L 47.498 88.138 48.006 88.138 0 P 0
L 47.498 88.9 47.498 89.154 0 P 0
L 47.498 89.154 48.006 89.154 0 P 0
L 47.625 110.236 47.625 110.49 0 P 0
L 47.625 110.236 47.879 110.236 0 P 0
L 47.625 110.49 47.879 110.744 0 P 0
L 47.625 110.998 47.625 111.252 0 P 0
L 47.625 110.998 47.879 110.744 0 P 0
L 47.625 111.252 47.879 111.252 0 P 0
L 47.879 110.236 48.133 110.49 0 P 0
L 47.879 111.252 48.133 110.998 0 P 0
L 48.006 88.138 48.006 88.392 0 P 0
L 48.006 88.392 48.26 88.392 0 P 0
L 48.006 88.9 48.006 89.154 0 P 0
L 48.006 88.9 48.26 88.9 0 P 0
L 48.133 110.49 48.387 110.236 0 P 0
L 48.133 110.998 48.387 111.252 0 P 0
L 48.26 88.392 48.26 88.9 0 P 0
L 48.387 110.236 48.641 110.236 0 P 0
L 48.387 110.744 48.641 110.49 0 P 0
L 48.387 110.744 48.641 110.998 0 P 0
L 48.387 111.252 48.641 111.252 0 P 0
L 48.514 93.472 48.514 93.98 0 P 0
L 48.514 93.472 48.768 93.472 0 P 0
L 48.514 93.98 48.768 93.98 0 P 0
L 48.641 110.236 48.641 110.49 0 P 0
L 48.641 110.998 48.641 111.252 0 P 0
L 48.768 93.218 48.768 93.472 0 P 0
L 48.768 93.218 49.276 93.218 0 P 0
L 48.768 93.98 48.768 94.234 0 P 0
L 48.768 94.234 49.276 94.234 0 P 0
L 49.022 73.279 49.022 73.533 0 P 0
L 49.022 73.279 49.276 73.279 0 P 0
L 49.022 73.533 49.276 73.787 0 P 0
L 49.022 74.041 49.022 74.295 0 P 0
L 49.022 74.041 49.276 73.787 0 P 0
L 49.022 74.295 49.276 74.295 0 P 0
L 49.276 73.279 49.53 73.533 0 P 0
L 49.276 74.295 49.53 74.041 0 P 0
L 49.276 93.218 49.276 93.472 0 P 0
L 49.276 93.472 49.53 93.472 0 P 0
L 49.276 93.98 49.276 94.234 0 P 0
L 49.276 93.98 49.53 93.98 0 P 0
L 49.53 73.533 49.784 73.279 0 P 0
L 49.53 74.041 49.784 74.295 0 P 0
L 49.53 93.472 49.53 93.98 0 P 0
L 49.784 73.279 50.038 73.279 0 P 0
L 49.784 73.787 50.038 73.533 0 P 0
L 49.784 73.787 50.038 74.041 0 P 0
L 49.784 74.295 50.038 74.295 0 P 0
L 49.784 88.392 49.784 88.9 0 P 0
L 49.784 88.392 50.038 88.392 0 P 0
L 49.784 88.9 50.038 88.9 0 P 0
L 50.038 73.279 50.038 73.533 0 P 0
L 50.038 74.041 50.038 74.295 0 P 0
L 50.038 88.138 50.038 88.392 0 P 0
L 50.038 88.138 50.546 88.138 0 P 0
L 50.038 88.9 50.038 89.154 0 P 0
L 50.038 89.154 50.546 89.154 0 P 0
L 50.546 88.138 50.546 88.392 0 P 0
L 50.546 88.392 50.8 88.392 0 P 0
L 50.546 88.9 50.546 89.154 0 P 0
L 50.546 88.9 50.8 88.9 0 P 0
L 50.8 88.392 50.8 88.9 0 P 0
L 50.927 101.727 50.927 101.981 0 P 0
L 50.927 101.727 51.181 101.727 0 P 0
L 50.927 101.981 51.181 102.235 0 P 0
L 50.927 102.489 50.927 102.743 0 P 0
L 50.927 102.489 51.181 102.235 0 P 0
L 50.927 102.743 51.181 102.743 0 P 0
L 51.054 93.472 51.054 93.98 0 P 0
L 51.054 93.472 51.308 93.472 0 P 0
L 51.054 93.98 51.308 93.98 0 P 0
L 51.181 101.727 51.435 101.981 0 P 0
L 51.181 102.743 51.435 102.489 0 P 0
L 51.308 93.218 51.308 93.472 0 P 0
L 51.308 93.218 51.816 93.218 0 P 0
L 51.308 93.98 51.308 94.234 0 P 0
L 51.308 94.234 51.816 94.234 0 P 0
L 51.435 101.981 51.689 101.727 0 P 0
L 51.435 102.489 51.689 102.743 0 P 0
L 51.689 101.727 51.943 101.727 0 P 0
L 51.689 102.235 51.943 101.981 0 P 0
L 51.689 102.235 51.943 102.489 0 P 0
L 51.689 102.743 51.943 102.743 0 P 0
L 51.816 93.218 51.816 93.472 0 P 0
L 51.816 93.472 52.07 93.472 0 P 0
L 51.816 93.98 51.816 94.234 0 P 0
L 51.816 93.98 52.07 93.98 0 P 0
L 51.943 101.727 51.943 101.981 0 P 0
L 51.943 102.489 51.943 102.743 0 P 0
L 52.07 93.472 52.07 93.98 0 P 0
L 52.324 88.392 52.324 88.9 0 P 0
L 52.324 88.392 52.578 88.392 0 P 0
L 52.324 88.9 52.578 88.9 0 P 0
L 52.578 88.138 52.578 88.392 0 P 0
L 52.578 88.138 53.086 88.138 0 P 0
L 52.578 88.9 52.578 89.154 0 P 0
L 52.578 89.154 53.086 89.154 0 P 0
L 53.086 88.138 53.086 88.392 0 P 0
L 53.086 88.392 53.34 88.392 0 P 0
L 53.086 88.9 53.086 89.154 0 P 0
L 53.086 88.9 53.34 88.9 0 P 0
L 53.34 88.392 53.34 88.9 0 P 0
L 53.594 93.472 53.594 93.98 0 P 0
L 53.594 93.472 53.848 93.472 0 P 0
L 53.594 93.98 53.848 93.98 0 P 0
L 53.848 93.218 53.848 93.472 0 P 0
L 53.848 93.218 54.356 93.218 0 P 0
L 53.848 93.98 53.848 94.234 0 P 0
L 53.848 94.234 54.356 94.234 0 P 0
L 54.102 99.187 54.102 99.441 0 P 0
L 54.102 99.187 54.356 99.187 0 P 0
L 54.102 99.441 54.356 99.695 0 P 0
L 54.102 99.949 54.102 100.203 0 P 0
L 54.102 99.949 54.356 99.695 0 P 0
L 54.102 100.203 54.356 100.203 0 P 0
L 54.356 93.218 54.356 93.472 0 P 0
L 54.356 93.472 54.61 93.472 0 P 0
L 54.356 93.98 54.356 94.234 0 P 0
L 54.356 93.98 54.61 93.98 0 P 0
L 54.356 99.187 54.61 99.441 0 P 0
L 54.356 100.203 54.61 99.949 0 P 0
L 54.61 93.472 54.61 93.98 0 P 0
L 54.61 99.441 54.864 99.187 0 P 0
L 54.61 99.949 54.864 100.203 0 P 0
L 54.864 73.533 54.864 73.787 0 P 0
L 54.864 73.533 55.118 73.533 0 P 0
L 54.864 73.787 55.118 74.041 0 P 0
L 54.864 74.295 54.864 74.549 0 P 0
L 54.864 74.295 55.118 74.041 0 P 0
L 54.864 74.549 55.118 74.549 0 P 0
L 54.864 88.392 54.864 88.9 0 P 0
L 54.864 88.392 55.118 88.392 0 P 0
L 54.864 88.9 55.118 88.9 0 P 0
L 54.864 99.187 55.118 99.187 0 P 0
L 54.864 99.695 55.118 99.441 0 P 0
L 54.864 99.695 55.118 99.949 0 P 0
L 54.864 100.203 55.118 100.203 0 P 0
L 55.118 73.533 55.372 73.787 0 P 0
L 55.118 74.549 55.372 74.295 0 P 0
L 55.118 88.138 55.118 88.392 0 P 0
L 55.118 88.138 55.626 88.138 0 P 0
L 55.118 88.9 55.118 89.154 0 P 0
L 55.118 89.154 55.626 89.154 0 P 0
L 55.118 99.187 55.118 99.441 0 P 0
L 55.118 99.949 55.118 100.203 0 P 0
L 55.372 73.787 55.626 73.533 0 P 0
L 55.372 74.295 55.626 74.549 0 P 0
L 55.626 73.533 55.88 73.533 0 P 0
L 55.626 74.041 55.88 73.787 0 P 0
L 55.626 74.041 55.88 74.295 0 P 0
L 55.626 74.549 55.88 74.549 0 P 0
L 55.626 88.138 55.626 88.392 0 P 0
L 55.626 88.392 55.88 88.392 0 P 0
L 55.626 88.9 55.626 89.154 0 P 0
L 55.626 88.9 55.88 88.9 0 P 0
L 55.7665382 109.7415382 55.7665382 109.9955382 0 P 0
L 55.7665382 109.7415382 56.0205382 109.7415382 0 P 0
L 55.7665382 109.9955382 56.0205382 110.2495382 0 P 0
L 55.7665382 110.5035382 55.7665382 110.7575382 0 P 0
L 55.7665382 110.5035382 56.0205382 110.2495382 0 P 0
L 55.7665382 110.7575382 56.0205382 110.7575382 0 P 0
L 55.88 73.533 55.88 73.787 0 P 0
L 55.88 74.295 55.88 74.549 0 P 0
L 55.88 88.392 55.88 88.9 0 P 0
L 56.0205382 109.7415382 56.2745382 109.9955382 0 P 0
L 56.0205382 110.7575382 56.2745382 110.5035382 0 P 0
L 56.2745382 109.9955382 56.5285382 109.7415382 0 P 0
L 56.2745382 110.5035382 56.5285382 110.7575382 0 P 0
L 56.5285382 109.7415382 56.7825382 109.7415382 0 P 0
L 56.5285382 110.2495382 56.7825382 109.9955382 0 P 0
L 56.5285382 110.2495382 56.7825382 110.5035382 0 P 0
L 56.5285382 110.7575382 56.7825382 110.7575382 0 P 0
L 56.7825382 109.7415382 56.7825382 109.9955382 0 P 0
L 56.7825382 110.5035382 56.7825382 110.7575382 0 P 0
L 56.8973208 85.9776792 56.8973208 86.2316792 0 P 0
L 56.8973208 85.9776792 57.1513208 85.9776792 0 P 0
L 56.8973208 86.2316792 57.1513208 86.4856792 0 P 0
L 56.8973208 86.7396792 56.8973208 86.9936792 0 P 0
L 56.8973208 86.7396792 57.1513208 86.4856792 0 P 0
L 56.8973208 86.9936792 57.1513208 86.9936792 0 P 0
L 57.1486792 73.6586792 57.1486792 73.9126792 0 P 0
L 57.1486792 73.6586792 57.4026792 73.6586792 0 P 0
L 57.1486792 73.9126792 57.4026792 74.1666792 0 P 0
L 57.1486792 74.4206792 57.1486792 74.6746792 0 P 0
L 57.1486792 74.4206792 57.4026792 74.1666792 0 P 0
L 57.1486792 74.6746792 57.4026792 74.6746792 0 P 0
L 57.1513208 85.9776792 57.4053208 86.2316792 0 P 0
L 57.1513208 86.9936792 57.4053208 86.7396792 0 P 0
L 57.30147544 116.332 57.30147544 116.586 0 P 0
L 57.30147544 116.332 57.55547544 116.332 0 P 0
L 57.30147544 116.586 57.55547544 116.84 0 P 0
L 57.30147544 117.094 57.30147544 117.348 0 P 0
L 57.30147544 117.094 57.55547544 116.84 0 P 0
L 57.30147544 117.348 57.55547544 117.348 0 P 0
L 57.4026792 73.6586792 57.6566792 73.9126792 0 P 0
L 57.4026792 74.6746792 57.6566792 74.4206792 0 P 0
L 57.4053208 86.2316792 57.6593208 85.9776792 0 P 0
L 57.4053208 86.7396792 57.6593208 86.9936792 0 P 0
L 57.55547544 116.332 57.80947544 116.586 0 P 0
L 57.55547544 117.348 57.80947544 117.094 0 P 0
L 57.6566792 73.9126792 57.9106792 73.6586792 0 P 0
L 57.6566792 74.4206792 57.9106792 74.6746792 0 P 0
L 57.6593208 85.9776792 57.9133208 85.9776792 0 P 0
L 57.6593208 86.4856792 57.9133208 86.2316792 0 P 0
L 57.6593208 86.4856792 57.9133208 86.7396792 0 P 0
L 57.6593208 86.9936792 57.9133208 86.9936792 0 P 0
L 57.80947544 116.586 58.06347544 116.332 0 P 0
L 57.80947544 117.094 58.06347544 117.348 0 P 0
L 57.9106792 73.6586792 58.1646792 73.6586792 0 P 0
L 57.9106792 74.1666792 58.1646792 73.9126792 0 P 0
L 57.9106792 74.1666792 58.1646792 74.4206792 0 P 0
L 57.9106792 74.6746792 58.1646792 74.6746792 0 P 0
L 57.912 96.012 57.912 96.266 0 P 0
L 57.912 96.012 58.166 96.012 0 P 0
L 57.912 96.266 58.166 96.52 0 P 0
L 57.912 96.774 57.912 97.028 0 P 0
L 57.912 96.774 58.166 96.52 0 P 0
L 57.912 97.028 58.166 97.028 0 P 0
L 57.912 101.727 57.912 101.981 0 P 0
L 57.912 101.727 58.166 101.727 0 P 0
L 57.912 101.981 58.166 102.235 0 P 0
L 57.912 102.489 57.912 102.743 0 P 0
L 57.912 102.489 58.166 102.235 0 P 0
L 57.912 102.743 58.166 102.743 0 P 0
L 57.9133208 85.9776792 57.9133208 86.2316792 0 P 0
L 57.9133208 86.7396792 57.9133208 86.9936792 0 P 0
L 58.06347544 116.332 58.31747544 116.332 0 P 0
L 58.06347544 116.84 58.31747544 116.586 0 P 0
L 58.06347544 116.84 58.31747544 117.094 0 P 0
L 58.06347544 117.348 58.31747544 117.348 0 P 0
L 58.1646792 73.6586792 58.1646792 73.9126792 0 P 0
L 58.1646792 74.4206792 58.1646792 74.6746792 0 P 0
L 58.166 96.012 58.42 96.266 0 P 0
L 58.166 97.028 58.42 96.774 0 P 0
L 58.166 101.727 58.42 101.981 0 P 0
L 58.166 102.743 58.42 102.489 0 P 0
L 58.31747544 116.332 58.31747544 116.586 0 P 0
L 58.31747544 117.094 58.31747544 117.348 0 P 0
L 58.42 96.266 58.674 96.012 0 P 0
L 58.42 96.774 58.674 97.028 0 P 0
L 58.42 101.981 58.674 101.727 0 P 0
L 58.42 102.489 58.674 102.743 0 P 0
L 58.547 99.441 58.547 99.695 0 P 0
L 58.547 99.441 58.801 99.441 0 P 0
L 58.547 99.695 58.801 99.949 0 P 0
L 58.547 100.203 58.547 100.457 0 P 0
L 58.547 100.203 58.801 99.949 0 P 0
L 58.547 100.457 58.801 100.457 0 P 0
L 58.674 96.012 58.928 96.012 0 P 0
L 58.674 96.52 58.928 96.266 0 P 0
L 58.674 96.52 58.928 96.774 0 P 0
L 58.674 97.028 58.928 97.028 0 P 0
L 58.674 101.727 58.928 101.727 0 P 0
L 58.674 102.235 58.928 101.981 0 P 0
L 58.674 102.235 58.928 102.489 0 P 0
L 58.674 102.743 58.928 102.743 0 P 0
L 58.801 99.441 59.055 99.695 0 P 0
L 58.801 100.457 59.055 100.203 0 P 0
L 58.928 96.012 58.928 96.266 0 P 0
L 58.928 96.774 58.928 97.028 0 P 0
L 58.928 101.727 58.928 101.981 0 P 0
L 58.928 102.489 58.928 102.743 0 P 0
L 59.055 99.695 59.309 99.441 0 P 0
L 59.055 100.203 59.309 100.457 0 P 0
L 59.182 88.392 59.182 88.9 0 P 0
L 59.182 88.392 59.436 88.392 0 P 0
L 59.182 88.9 59.436 88.9 0 P 0
L 59.309 99.441 59.563 99.441 0 P 0
L 59.309 99.949 59.563 99.695 0 P 0
L 59.309 99.949 59.563 100.203 0 P 0
L 59.309 100.457 59.563 100.457 0 P 0
L 59.436 88.138 59.436 88.392 0 P 0
L 59.436 88.138 59.944 88.138 0 P 0
L 59.436 88.9 59.436 89.154 0 P 0
L 59.436 89.154 59.944 89.154 0 P 0
L 59.563 99.441 59.563 99.695 0 P 0
L 59.563 100.203 59.563 100.457 0 P 0
L 59.817 85.217 59.817 85.471 0 P 0
L 59.817 85.217 60.071 85.217 0 P 0
L 59.817 85.471 60.071 85.725 0 P 0
L 59.817 85.979 59.817 86.233 0 P 0
L 59.817 85.979 60.071 85.725 0 P 0
L 59.817 86.233 60.071 86.233 0 P 0
L 59.944 88.138 59.944 88.392 0 P 0
L 59.944 88.392 60.198 88.392 0 P 0
L 59.944 88.9 59.944 89.154 0 P 0
L 59.944 88.9 60.198 88.9 0 P 0
L 60.071 85.217 60.325 85.471 0 P 0
L 60.071 86.233 60.325 85.979 0 P 0
L 60.198 88.392 60.198 88.9 0 P 0
L 60.325 85.471 60.579 85.217 0 P 0
L 60.325 85.979 60.579 86.233 0 P 0
L 60.452 93.472 60.452 93.98 0 P 0
L 60.452 93.472 60.706 93.472 0 P 0
L 60.452 93.98 60.706 93.98 0 P 0
L 60.579 85.217 60.833 85.217 0 P 0
L 60.579 85.725 60.833 85.471 0 P 0
L 60.579 85.725 60.833 85.979 0 P 0
L 60.579 86.233 60.833 86.233 0 P 0
L 60.706 93.218 60.706 93.472 0 P 0
L 60.706 93.218 61.214 93.218 0 P 0
L 60.706 93.98 60.706 94.234 0 P 0
L 60.706 94.234 61.214 94.234 0 P 0
L 60.833 85.217 60.833 85.471 0 P 0
L 60.833 85.979 60.833 86.233 0 P 0
L 61.214 93.218 61.214 93.472 0 P 0
L 61.214 93.472 61.468 93.472 0 P 0
L 61.214 93.98 61.214 94.234 0 P 0
L 61.214 93.98 61.468 93.98 0 P 0
L 61.468 93.472 61.468 93.98 0 P 0
L 61.722 88.392 61.722 88.9 0 P 0
L 61.722 88.392 61.976 88.392 0 P 0
L 61.722 88.9 61.976 88.9 0 P 0
L 61.976 88.138 61.976 88.392 0 P 0
L 61.976 88.138 62.484 88.138 0 P 0
L 61.976 88.9 61.976 89.154 0 P 0
L 61.976 89.154 62.484 89.154 0 P 0
L 62.357 96.012 62.357 96.266 0 P 0
L 62.357 96.012 62.611 96.012 0 P 0
L 62.357 96.266 62.611 96.52 0 P 0
L 62.357 96.774 62.357 97.028 0 P 0
L 62.357 96.774 62.611 96.52 0 P 0
L 62.357 97.028 62.611 97.028 0 P 0
L 62.484 88.138 62.484 88.392 0 P 0
L 62.484 88.392 62.738 88.392 0 P 0
L 62.484 88.9 62.484 89.154 0 P 0
L 62.484 88.9 62.738 88.9 0 P 0
L 62.611 96.012 62.865 96.266 0 P 0
L 62.611 97.028 62.865 96.774 0 P 0
L 62.738 88.392 62.738 88.9 0 P 0
L 62.865 96.266 63.119 96.012 0 P 0
L 62.865 96.774 63.119 97.028 0 P 0
L 62.992 93.472 62.992 93.98 0 P 0
L 62.992 93.472 63.246 93.472 0 P 0
L 62.992 93.98 63.246 93.98 0 P 0
L 63.119 74.93 63.119 75.184 0 P 0
L 63.119 74.93 63.373 74.93 0 P 0
L 63.119 75.184 63.373 75.438 0 P 0
L 63.119 75.692 63.119 75.946 0 P 0
L 63.119 75.692 63.373 75.438 0 P 0
L 63.119 75.946 63.373 75.946 0 P 0
L 63.119 96.012 63.373 96.012 0 P 0
L 63.119 96.52 63.373 96.266 0 P 0
L 63.119 96.52 63.373 96.774 0 P 0
L 63.119 97.028 63.373 97.028 0 P 0
L 63.246 93.218 63.246 93.472 0 P 0
L 63.246 93.218 63.754 93.218 0 P 0
L 63.246 93.98 63.246 94.234 0 P 0
L 63.246 94.234 63.754 94.234 0 P 0
L 63.373 74.93 63.627 75.184 0 P 0
L 63.373 75.946 63.627 75.692 0 P 0
L 63.373 96.012 63.373 96.266 0 P 0
L 63.373 96.774 63.373 97.028 0 P 0
L 63.627 75.184 63.881 74.93 0 P 0
L 63.627 75.692 63.881 75.946 0 P 0
L 63.754 93.218 63.754 93.472 0 P 0
L 63.754 93.472 64.008 93.472 0 P 0
L 63.754 93.98 63.754 94.234 0 P 0
L 63.754 93.98 64.008 93.98 0 P 0
L 63.881 74.93 64.135 74.93 0 P 0
L 63.881 75.438 64.135 75.184 0 P 0
L 63.881 75.438 64.135 75.692 0 P 0
L 63.881 75.946 64.135 75.946 0 P 0
L 64.008 93.472 64.008 93.98 0 P 0
L 64.135 74.93 64.135 75.184 0 P 0
L 64.135 75.692 64.135 75.946 0 P 0
L 64.262 88.392 64.262 88.9 0 P 0
L 64.262 88.392 64.516 88.392 0 P 0
L 64.262 88.9 64.516 88.9 0 P 0
L 64.516 88.138 64.516 88.392 0 P 0
L 64.516 88.138 65.024 88.138 0 P 0
L 64.516 88.9 64.516 89.154 0 P 0
L 64.516 89.154 65.024 89.154 0 P 0
L 64.897 100.457 64.897 100.711 0 P 0
L 64.897 100.457 65.151 100.457 0 P 0
L 64.897 100.711 65.151 100.965 0 P 0
L 64.897 101.219 64.897 101.473 0 P 0
L 64.897 101.219 65.151 100.965 0 P 0
L 64.897 101.473 65.151 101.473 0 P 0
L 64.897 110.744 64.897 110.998 0 P 0
L 64.897 110.744 65.151 110.744 0 P 0
L 64.897 110.998 65.151 111.252 0 P 0
L 64.897 111.506 64.897 111.76 0 P 0
L 64.897 111.506 65.151 111.252 0 P 0
L 64.897 111.76 65.151 111.76 0 P 0
L 65.024 88.138 65.024 88.392 0 P 0
L 65.024 88.392 65.278 88.392 0 P 0
L 65.024 88.9 65.024 89.154 0 P 0
L 65.024 88.9 65.278 88.9 0 P 0
L 65.151 100.457 65.405 100.711 0 P 0
L 65.151 101.473 65.405 101.219 0 P 0
L 65.151 110.744 65.405 110.998 0 P 0
L 65.151 111.76 65.405 111.506 0 P 0
L 65.278 88.392 65.278 88.9 0 P 0
L 65.405 100.711 65.659 100.457 0 P 0
L 65.405 101.219 65.659 101.473 0 P 0
L 65.405 110.998 65.659 110.744 0 P 0
L 65.405 111.506 65.659 111.76 0 P 0
L 65.532 93.472 65.532 93.98 0 P 0
L 65.532 93.472 65.786 93.472 0 P 0
L 65.532 93.98 65.786 93.98 0 P 0
L 65.659 100.457 65.913 100.457 0 P 0
L 65.659 100.965 65.913 100.711 0 P 0
L 65.659 100.965 65.913 101.219 0 P 0
L 65.659 101.473 65.913 101.473 0 P 0
L 65.659 110.744 65.913 110.744 0 P 0
L 65.659 111.252 65.913 110.998 0 P 0
L 65.659 111.252 65.913 111.506 0 P 0
L 65.659 111.76 65.913 111.76 0 P 0
L 65.786 93.218 65.786 93.472 0 P 0
L 65.786 93.218 66.294 93.218 0 P 0
L 65.786 93.98 65.786 94.234 0 P 0
L 65.786 94.234 66.294 94.234 0 P 0
L 65.913 100.457 65.913 100.711 0 P 0
L 65.913 101.219 65.913 101.473 0 P 0
L 65.913 110.744 65.913 110.998 0 P 0
L 65.913 111.506 65.913 111.76 0 P 0
L 66.294 93.218 66.294 93.472 0 P 0
L 66.294 93.472 66.548 93.472 0 P 0
L 66.294 93.98 66.294 94.234 0 P 0
L 66.294 93.98 66.548 93.98 0 P 0
L 66.548 93.472 66.548 93.98 0 P 0
L 66.802 88.392 66.802 88.9 0 P 0
L 66.802 88.392 67.056 88.392 0 P 0
L 66.802 88.9 67.056 88.9 0 P 0
L 67.056 88.138 67.056 88.392 0 P 0
L 67.056 88.138 67.564 88.138 0 P 0
L 67.056 88.9 67.056 89.154 0 P 0
L 67.056 89.154 67.564 89.154 0 P 0
L 67.437 99.187 67.437 99.441 0 P 0
L 67.437 99.187 67.691 99.187 0 P 0
L 67.437 99.441 67.691 99.695 0 P 0
L 67.437 99.949 67.437 100.203 0 P 0
L 67.437 99.949 67.691 99.695 0 P 0
L 67.437 100.203 67.691 100.203 0 P 0
L 67.564 88.138 67.564 88.392 0 P 0
L 67.564 88.392 67.818 88.392 0 P 0
L 67.564 88.9 67.564 89.154 0 P 0
L 67.564 88.9 67.818 88.9 0 P 0
L 67.691 99.187 67.945 99.441 0 P 0
L 67.691 100.203 67.945 99.949 0 P 0
L 67.818 88.392 67.818 88.9 0 P 0
L 67.945 99.441 68.199 99.187 0 P 0
L 67.945 99.949 68.199 100.203 0 P 0
L 68.072 86.487 68.072 86.741 0 P 0
L 68.072 86.487 68.326 86.487 0 P 0
L 68.072 86.741 68.326 86.995 0 P 0
L 68.072 87.249 68.072 87.503 0 P 0
L 68.072 87.249 68.326 86.995 0 P 0
L 68.072 87.503 68.326 87.503 0 P 0
L 68.072 93.472 68.072 93.98 0 P 0
L 68.072 93.472 68.326 93.472 0 P 0
L 68.072 93.98 68.326 93.98 0 P 0
L 68.199 99.187 68.453 99.187 0 P 0
L 68.199 99.695 68.453 99.441 0 P 0
L 68.199 99.695 68.453 99.949 0 P 0
L 68.199 100.203 68.453 100.203 0 P 0
L 68.326 86.487 68.58 86.741 0 P 0
L 68.326 87.503 68.58 87.249 0 P 0
L 68.326 93.218 68.326 93.472 0 P 0
L 68.326 93.218 68.834 93.218 0 P 0
L 68.326 93.98 68.326 94.234 0 P 0
L 68.326 94.234 68.834 94.234 0 P 0
L 68.453 99.187 68.453 99.441 0 P 0
L 68.453 99.949 68.453 100.203 0 P 0
L 68.58 86.741 68.834 86.487 0 P 0
L 68.58 87.249 68.834 87.503 0 P 0
L 68.834 86.487 69.088 86.487 0 P 0
L 68.834 86.995 69.088 86.741 0 P 0
L 68.834 86.995 69.088 87.249 0 P 0
L 68.834 87.503 69.088 87.503 0 P 0
L 68.834 93.218 68.834 93.472 0 P 0
L 68.834 93.472 69.088 93.472 0 P 0
L 68.834 93.98 68.834 94.234 0 P 0
L 68.834 93.98 69.088 93.98 0 P 0
L 69.088 86.487 69.088 86.741 0 P 0
L 69.088 87.249 69.088 87.503 0 P 0
L 69.088 93.472 69.088 93.98 0 P 0
L 69.342 88.392 69.342 88.9 0 P 0
L 69.342 88.392 69.596 88.392 0 P 0
L 69.342 88.9 69.596 88.9 0 P 0
L 69.596 88.138 69.596 88.392 0 P 0
L 69.596 88.138 70.104 88.138 0 P 0
L 69.596 88.9 69.596 89.154 0 P 0
L 69.596 89.154 70.104 89.154 0 P 0
L 69.723 105.918 69.977 105.918 0 P 0
L 69.723 105.918 69.977 106.172 0 P 0
L 69.723 106.426 69.977 106.172 0 P 0
L 69.723 106.426 69.977 106.426 0 P 0
L 69.977 105.918 70.231 105.664 0 P 0
L 69.977 106.426 70.231 106.68 0 P 0
L 70.104 88.138 70.104 88.392 0 P 0
L 70.104 88.392 70.358 88.392 0 P 0
L 70.104 88.9 70.104 89.154 0 P 0
L 70.104 88.9 70.358 88.9 0 P 0
L 70.231 105.664 70.485 105.918 0 P 0
L 70.231 106.68 70.485 106.426 0 P 0
L 70.358 88.392 70.358 88.9 0 P 0
L 70.485 105.918 70.739 105.918 0 P 0
L 70.485 106.172 70.739 105.918 0 P 0
L 70.485 106.172 70.739 106.426 0 P 0
L 70.485 106.426 70.739 106.426 0 P 0
L 70.612 93.472 70.612 93.98 0 P 0
L 70.612 93.472 70.866 93.472 0 P 0
L 70.612 93.98 70.866 93.98 0 P 0
L 70.866 93.218 70.866 93.472 0 P 0
L 70.866 93.218 71.374 93.218 0 P 0
L 70.866 93.98 70.866 94.234 0 P 0
L 70.866 94.234 71.374 94.234 0 P 0
L 71.374 93.218 71.374 93.472 0 P 0
L 71.374 93.472 71.628 93.472 0 P 0
L 71.374 93.98 71.374 94.234 0 P 0
L 71.374 93.98 71.628 93.98 0 P 0
L 71.628 93.472 71.628 93.98 0 P 0
L 71.882 88.392 71.882 88.9 0 P 0
L 71.882 88.392 72.136 88.392 0 P 0
L 71.882 88.9 72.136 88.9 0 P 0
L 72.136 88.138 72.136 88.392 0 P 0
L 72.136 88.138 72.644 88.138 0 P 0
L 72.136 88.9 72.136 89.154 0 P 0
L 72.136 89.154 72.644 89.154 0 P 0
L 72.644 88.138 72.644 88.392 0 P 0
L 72.644 88.392 72.898 88.392 0 P 0
L 72.644 88.9 72.644 89.154 0 P 0
L 72.644 88.9 72.898 88.9 0 P 0
L 72.898 88.392 72.898 88.9 0 P 0
L 73.152 93.472 73.152 93.98 0 P 0
L 73.152 93.472 73.406 93.472 0 P 0
L 73.152 93.98 73.406 93.98 0 P 0
L 73.406 93.218 73.406 93.472 0 P 0
L 73.406 93.218 73.914 93.218 0 P 0
L 73.406 93.98 73.406 94.234 0 P 0
L 73.406 94.234 73.914 94.234 0 P 0
L 73.914 93.218 73.914 93.472 0 P 0
L 73.914 93.472 74.168 93.472 0 P 0
L 73.914 93.98 73.914 94.234 0 P 0
L 73.914 93.98 74.168 93.98 0 P 0
L 74.168 93.472 74.168 93.98 0 P 0
L 74.422 88.392 74.422 88.9 0 P 0
L 74.422 88.392 74.676 88.392 0 P 0
L 74.422 88.9 74.676 88.9 0 P 0
L 74.422 102.87 74.676 102.87 0 P 0
L 74.422 102.87 74.676 103.124 0 P 0
L 74.422 103.378 74.676 103.124 0 P 0
L 74.422 103.378 74.676 103.378 0 P 0
L 74.422 108.966 74.676 108.966 0 P 0
L 74.422 108.966 74.676 109.22 0 P 0
L 74.422 109.474 74.676 109.22 0 P 0
L 74.422 109.474 74.676 109.474 0 P 0
L 74.676 88.138 74.676 88.392 0 P 0
L 74.676 88.138 75.184 88.138 0 P 0
L 74.676 88.9 74.676 89.154 0 P 0
L 74.676 89.154 75.184 89.154 0 P 0
L 74.676 102.87 74.93 102.616 0 P 0
L 74.676 103.378 74.93 103.632 0 P 0
L 74.676 108.966 74.93 108.712 0 P 0
L 74.676 109.474 74.93 109.728 0 P 0
L 74.93 102.616 75.184 102.87 0 P 0
L 74.93 103.632 75.184 103.378 0 P 0
L 74.93 108.712 75.184 108.966 0 P 0
L 74.93 109.728 75.184 109.474 0 P 0
L 75.184 88.138 75.184 88.392 0 P 0
L 75.184 88.392 75.438 88.392 0 P 0
L 75.184 88.9 75.184 89.154 0 P 0
L 75.184 88.9 75.438 88.9 0 P 0
L 75.184 102.87 75.438 102.87 0 P 0
L 75.184 103.124 75.438 102.87 0 P 0
L 75.184 103.124 75.438 103.378 0 P 0
L 75.184 103.378 75.438 103.378 0 P 0
L 75.184 108.966 75.438 108.966 0 P 0
L 75.184 109.22 75.438 108.966 0 P 0
L 75.184 109.22 75.438 109.474 0 P 0
L 75.184 109.474 75.438 109.474 0 P 0
L 75.438 88.392 75.438 88.9 0 P 0
L 75.692 93.472 75.692 93.98 0 P 0
L 75.692 93.472 75.946 93.472 0 P 0
L 75.692 93.98 75.946 93.98 0 P 0
L 75.946 93.218 75.946 93.472 0 P 0
L 75.946 93.218 76.454 93.218 0 P 0
L 75.946 93.98 75.946 94.234 0 P 0
L 75.946 94.234 76.454 94.234 0 P 0
L 76.30700004 57.69699916 76.30700004 58.71299916 0 P 0
L 76.30700004 57.69699916 77.32300004 57.69699916 0 P 0
L 76.30700004 58.71299916 77.32300004 58.71299916 0 P 0
L 76.30700004 82.20700094 76.30700004 83.22300094 0 P 0
L 76.30700004 82.20700094 77.32300004 82.20700094 0 P 0
L 76.30700004 83.22300094 77.32300004 83.22300094 0 P 0
L 76.327 25.90899822 76.327 26.92499822 0 P 0
L 76.327 25.90899822 77.343 25.90899822 0 P 0
L 76.327 26.92499822 77.343 26.92499822 0 P 0
L 76.327 50.419 76.327 51.435 0 P 0
L 76.327 50.419 77.343 50.419 0 P 0
L 76.327 51.435 77.343 51.435 0 P 0
L 76.327 66.802 76.327 67.056 0 P 0
L 76.327 66.802 76.581 66.802 0 P 0
L 76.327 67.056 76.581 67.31 0 P 0
L 76.327 67.564 76.327 67.818 0 P 0
L 76.327 67.564 76.581 67.31 0 P 0
L 76.327 67.818 76.581 67.818 0 P 0
L 76.327 70.612 76.327 70.866 0 P 0
L 76.327 70.612 76.581 70.612 0 P 0
L 76.327 70.866 76.581 71.12 0 P 0
L 76.327 71.374 76.327 71.628 0 P 0
L 76.327 71.374 76.581 71.12 0 P 0
L 76.327 71.628 76.581 71.628 0 P 0
L 76.327 73.152 76.327 73.406 0 P 0
L 76.327 73.152 76.581 73.152 0 P 0
L 76.327 73.406 76.581 73.66 0 P 0
L 76.327 73.914 76.327 74.168 0 P 0
L 76.327 73.914 76.581 73.66 0 P 0
L 76.327 74.168 76.581 74.168 0 P 0
L 76.454 93.218 76.454 93.472 0 P 0
L 76.454 93.472 76.708 93.472 0 P 0
L 76.454 93.98 76.454 94.234 0 P 0
L 76.454 93.98 76.708 93.98 0 P 0
L 76.581 66.802 76.835 67.056 0 P 0
L 76.581 67.818 76.835 67.564 0 P 0
L 76.581 70.612 76.835 70.866 0 P 0
L 76.581 71.628 76.835 71.374 0 P 0
L 76.581 73.152 76.835 73.406 0 P 0
L 76.581 74.168 76.835 73.914 0 P 0
L 76.708 93.472 76.708 93.98 0 P 0
L 76.835 67.056 77.089 66.802 0 P 0
L 76.835 67.564 77.089 67.818 0 P 0
L 76.835 70.866 77.089 70.612 0 P 0
L 76.835 71.374 77.089 71.628 0 P 0
L 76.835 73.406 77.089 73.152 0 P 0
L 76.835 73.914 77.089 74.168 0 P 0
L 76.962 88.392 76.962 88.9 0 P 0
L 76.962 88.392 77.216 88.392 0 P 0
L 76.962 88.9 77.216 88.9 0 P 0
L 77.089 66.802 77.343 66.802 0 P 0
L 77.089 67.31 77.343 67.056 0 P 0
L 77.089 67.31 77.343 67.564 0 P 0
L 77.089 67.818 77.343 67.818 0 P 0
L 77.089 70.612 77.343 70.612 0 P 0
L 77.089 71.12 77.343 70.866 0 P 0
L 77.089 71.12 77.343 71.374 0 P 0
L 77.089 71.628 77.343 71.628 0 P 0
L 77.089 73.152 77.343 73.152 0 P 0
L 77.089 73.66 77.343 73.406 0 P 0
L 77.089 73.66 77.343 73.914 0 P 0
L 77.089 74.168 77.343 74.168 0 P 0
L 77.216 88.138 77.216 88.392 0 P 0
L 77.216 88.138 77.724 88.138 0 P 0
L 77.216 88.9 77.216 89.154 0 P 0
L 77.216 89.154 77.724 89.154 0 P 0
L 77.32300004 57.69699916 77.32300004 58.71299916 0 P 0
L 77.32300004 82.20700094 77.32300004 83.22300094 0 P 0
L 77.343 25.90899822 77.343 26.92499822 0 P 0
L 77.343 50.419 77.343 51.435 0 P 0
L 77.343 66.802 77.343 67.056 0 P 0
L 77.343 67.564 77.343 67.818 0 P 0
L 77.343 70.612 77.343 70.866 0 P 0
L 77.343 71.374 77.343 71.628 0 P 0
L 77.343 73.152 77.343 73.406 0 P 0
L 77.343 73.914 77.343 74.168 0 P 0
L 77.724 88.138 77.724 88.392 0 P 0
L 77.724 88.392 77.978 88.392 0 P 0
L 77.724 88.9 77.724 89.154 0 P 0
L 77.724 88.9 77.978 88.9 0 P 0
L 77.978 88.392 77.978 88.9 0 P 0
L 78.867 99.822 78.867 100.076 0 P 0
L 78.867 99.822 79.121 99.822 0 P 0
L 78.867 100.076 79.121 100.33 0 P 0
L 78.867 100.584 78.867 100.838 0 P 0
L 78.867 100.584 79.121 100.33 0 P 0
L 78.867 100.838 79.121 100.838 0 P 0
L 79.121 99.822 79.375 100.076 0 P 0
L 79.121 100.838 79.375 100.584 0 P 0
L 79.375 100.076 79.629 99.822 0 P 0
L 79.375 100.584 79.629 100.838 0 P 0
L 79.629 99.822 79.883 99.822 0 P 0
L 79.629 100.33 79.883 100.076 0 P 0
L 79.629 100.33 79.883 100.584 0 P 0
L 79.629 100.838 79.883 100.838 0 P 0
L 79.883 99.822 79.883 100.076 0 P 0
L 79.883 100.584 79.883 100.838 0 P 0
L 80.772 62.992 81.026 63.5 0 P 0
L 80.772 62.992 81.28 63.246 0 P 0
L 80.772 64.008 81.026 63.5 0 P 0
L 80.772 64.008 81.28 63.754 0 P 0
L 80.772 65.532 81.026 66.04 0 P 0
L 80.772 65.532 81.28 65.786 0 P 0
L 80.772 66.548 81.026 66.04 0 P 0
L 80.772 66.548 81.28 66.294 0 P 0
L 80.772 68.072 81.026 68.58 0 P 0
L 80.772 68.072 81.28 68.326 0 P 0
L 80.772 69.088 81.026 68.58 0 P 0
L 80.772 69.088 81.28 68.834 0 P 0
L 80.772 70.612 81.026 71.12 0 P 0
L 80.772 70.612 81.28 70.866 0 P 0
L 80.772 71.628 81.026 71.12 0 P 0
L 80.772 71.628 81.28 71.374 0 P 0
L 80.772 73.152 81.026 73.66 0 P 0
L 80.772 73.152 81.28 73.406 0 P 0
L 80.772 74.168 81.026 73.66 0 P 0
L 80.772 74.168 81.28 73.914 0 P 0
L 81.28 63.246 81.788 62.992 0 P 0
L 81.28 63.754 81.788 64.008 0 P 0
L 81.28 65.786 81.788 65.532 0 P 0
L 81.28 66.294 81.788 66.548 0 P 0
L 81.28 68.326 81.788 68.072 0 P 0
L 81.28 68.834 81.788 69.088 0 P 0
L 81.28 70.866 81.788 70.612 0 P 0
L 81.28 71.374 81.788 71.628 0 P 0
L 81.28 73.406 81.788 73.152 0 P 0
L 81.28 73.914 81.788 74.168 0 P 0
L 81.534 63.5 81.788 62.992 0 P 0
L 81.534 63.5 81.788 64.008 0 P 0
L 81.534 66.04 81.788 65.532 0 P 0
L 81.534 66.04 81.788 66.548 0 P 0
L 81.534 68.58 81.788 68.072 0 P 0
L 81.534 68.58 81.788 69.088 0 P 0
L 81.534 71.12 81.788 70.612 0 P 0
L 81.534 71.12 81.788 71.628 0 P 0
L 81.534 73.66 81.788 73.152 0 P 0
L 81.534 73.66 81.788 74.168 0 P 0
L 83.312 26.035 83.82 25.527 0 P 0
L 83.312 26.035 83.82 26.543 0 P 0
L 83.312 62.992 83.566 63.5 0 P 0
L 83.312 62.992 83.82 63.246 0 P 0
L 83.312 64.008 83.566 63.5 0 P 0
L 83.312 64.008 83.82 63.754 0 P 0
L 83.312 65.532 83.566 66.04 0 P 0
L 83.312 65.532 83.82 65.786 0 P 0
L 83.312 66.548 83.566 66.04 0 P 0
L 83.312 66.548 83.82 66.294 0 P 0
L 83.312 68.072 83.566 68.58 0 P 0
L 83.312 68.072 83.82 68.326 0 P 0
L 83.312 69.088 83.566 68.58 0 P 0
L 83.312 69.088 83.82 68.834 0 P 0
L 83.312 70.612 83.566 71.12 0 P 0
L 83.312 70.612 83.82 70.866 0 P 0
L 83.312 71.628 83.566 71.12 0 P 0
L 83.312 71.628 83.82 71.374 0 P 0
L 83.312 73.152 83.566 73.66 0 P 0
L 83.312 73.152 83.82 73.406 0 P 0
L 83.312 74.168 83.566 73.66 0 P 0
L 83.312 74.168 83.82 73.914 0 P 0
L 83.312 115.57 83.82 115.062 0 P 0
L 83.312 115.57 83.82 116.078 0 P 0
L 83.82 25.527 84.328 26.035 0 P 0
L 83.82 26.543 84.328 26.035 0 P 0
L 83.82 63.246 84.328 62.992 0 P 0
L 83.82 63.754 84.328 64.008 0 P 0
L 83.82 65.786 84.328 65.532 0 P 0
L 83.82 66.294 84.328 66.548 0 P 0
L 83.82 68.326 84.328 68.072 0 P 0
L 83.82 68.834 84.328 69.088 0 P 0
L 83.82 70.866 84.328 70.612 0 P 0
L 83.82 71.374 84.328 71.628 0 P 0
L 83.82 73.406 84.328 73.152 0 P 0
L 83.82 73.914 84.328 74.168 0 P 0
L 83.82 115.062 84.328 115.57 0 P 0
L 83.82 116.078 84.328 115.57 0 P 0
L 84.074 63.5 84.328 62.992 0 P 0
L 84.074 63.5 84.328 64.008 0 P 0
L 84.074 66.04 84.328 65.532 0 P 0
L 84.074 66.04 84.328 66.548 0 P 0
L 84.074 68.58 84.328 68.072 0 P 0
L 84.074 68.58 84.328 69.088 0 P 0
L 84.074 71.12 84.328 70.612 0 P 0
L 84.074 71.12 84.328 71.628 0 P 0
L 84.074 73.66 84.328 73.152 0 P 0
L 84.074 73.66 84.328 74.168 0 P 0
