UNITS=MM
#Layer_Color=9474304
#
#Feature symbol names
#
$0 r127

#
#Feature attribute names
#

#
#Layer features
#
L 22.5298 26.035 25.7302 26.035 0 P 0
L 22.5298 115.57 25.7302 115.57 0 P 0
L 23.1394 100.33 23.8506 100.33 0 P 0
L 23.495 99.9744 23.495 100.6856 0 P 0
L 24.13 24.4348 24.13 27.6352 0 P 0
L 24.13 113.9698 24.13 117.1702 0 P 0
L 26.0200013 88.97999984 27.3199987 88.97999984 0 P 0
L 26.0200013 93.98 27.3199987 93.98 0 P 0
L 26.67 88.33000114 26.67 89.62999854 0 P 0
L 26.67 93.3300013 26.67 94.6299987 0 P 0
L 28.36500042 58.20499916 31.3649995 58.20499916 0 P 0
L 28.36500042 82.71500094 31.3649995 82.71500094 0 P 0
L 28.38500038 26.41699822 31.38499946 26.41699822 0 P 0
L 28.38500038 50.927 31.38499946 50.927 0 P 0
L 29.86499996 56.70499962 29.86499996 59.7049987 0 P 0
L 29.86499996 81.2150014 29.86499996 84.21500048 0 P 0
L 29.88499992 24.91699868 29.88499992 27.91699776 0 P 0
L 29.88499992 49.42700046 29.88499992 52.42699954 0 P 0
L 32.6644 88.9 33.3756 88.9 0 P 0
L 32.840041 87.07335646 33.551241 87.07335646 0 P 0
L 33.02 88.5444 33.02 89.2556 0 P 0
L 33.195641 86.71775646 33.195641 87.42895646 0 P 0
L 33.2994 101.6 34.0106 101.6 0 P 0
L 33.655 101.2444 33.655 101.9556 0 P 0
L 33.9344 110.49 34.6456 110.49 0 P 0
L 34.29 110.1344 34.29 110.8456 0 P 0
L 36.3474 78.232 37.0586 78.232 0 P 0
L 36.703 77.8764 36.703 78.5876 0 P 0
L 37.1420009 88.646 38.0419991 88.646 0 P 0
L 37.2228618 98.9465382 37.9340618 98.9465382 0 P 0
L 37.3150003 57.785 38.33499826 57.785 0 P 0
L 37.3150003 83.185 38.33499826 83.185 0 P 0
L 37.33500026 25.99699906 38.35499822 25.99699906 0 P 0
L 37.33500026 51.39699906 38.35499822 51.39699906 0 P 0
L 37.3545608 114.44099032 38.37455876 114.44099032 0 P 0
L 37.5784618 98.5909382 37.5784618 99.3021382 0 P 0
L 37.592 88.1960009 37.592 89.0959991 0 P 0
L 37.7444 107.95 38.4556 107.95 0 P 0
L 37.82499928 57.27500102 37.82499928 58.29499898 0 P 0
L 37.82499928 82.67500102 37.82499928 83.69499898 0 P 0
L 37.84499924 25.48700008 37.84499924 26.50699804 0 P 0
L 37.84499924 50.88700008 37.84499924 51.90699804 0 P 0
L 37.86455978 113.93099134 37.86455978 114.9509893 0 P 0
L 38.1 107.5944 38.1 108.3056 0 P 0
L 38.4120009 93.726 39.3119991 93.726 0 P 0
L 38.862 93.2760009 38.862 94.1759991 0 P 0
L 39.6820009 88.646 40.5819991 88.646 0 P 0
L 39.8550003 57.785 40.87499826 57.785 0 P 0
L 39.8550003 83.185 40.87499826 83.185 0 P 0
L 39.87500026 25.99699906 40.89499822 25.99699906 0 P 0
L 39.87500026 51.39699906 40.89499822 51.39699906 0 P 0
L 39.8945608 114.44099032 40.91455876 114.44099032 0 P 0
L 40.132 88.1960009 40.132 89.0959991 0 P 0
L 40.36499928 57.27500102 40.36499928 58.29499898 0 P 0
L 40.36499928 82.67500102 40.36499928 83.69499898 0 P 0
L 40.38499924 25.48700008 40.38499924 26.50699804 0 P 0
L 40.38499924 50.88700008 40.38499924 51.90699804 0 P 0
L 40.40455978 113.93099134 40.40455978 114.9509893 0 P 0
L 40.9520009 93.726 41.8519991 93.726 0 P 0
L 41.402 93.2760009 41.402 94.1759991 0 P 0
L 41.8084 110.49 42.5196 110.49 0 P 0
L 42.164 110.1344 42.164 110.8456 0 P 0
L 42.2220009 88.646 43.1219991 88.646 0 P 0
L 42.3950003 57.785 43.41499826 57.785 0 P 0
L 42.3950003 83.185 43.41499826 83.185 0 P 0
L 42.41500026 25.99699906 43.43499822 25.99699906 0 P 0
L 42.41500026 51.39699906 43.43499822 51.39699906 0 P 0
L 42.4345608 114.44099032 43.45455876 114.44099032 0 P 0
L 42.672 88.1960009 42.672 89.0959991 0 P 0
L 42.90499928 57.27500102 42.90499928 58.29499898 0 P 0
L 42.90499928 82.67500102 42.90499928 83.69499898 0 P 0
L 42.92499924 25.48700008 42.92499924 26.50699804 0 P 0
L 42.92499924 50.88700008 42.92499924 51.90699804 0 P 0
L 42.94455978 113.93099134 42.94455978 114.9509893 0 P 0
L 43.4920009 93.726 44.3919991 93.726 0 P 0
L 43.942 93.2760009 43.942 94.1759991 0 P 0
L 44.7620009 88.646 45.6619991 88.646 0 P 0
L 44.9350003 57.785 45.95499826 57.785 0 P 0
L 44.9350003 83.185 45.95499826 83.185 0 P 0
L 44.95500026 25.99699906 45.97499822 25.99699906 0 P 0
L 44.95500026 51.39699906 45.97499822 51.39699906 0 P 0
L 44.9745608 114.44099032 45.99455876 114.44099032 0 P 0
L 45.212 88.1960009 45.212 89.0959991 0 P 0
L 45.2374 102.235 45.9486 102.235 0 P 0
L 45.44499928 57.27500102 45.44499928 58.29499898 0 P 0
L 45.44499928 82.67500102 45.44499928 83.69499898 0 P 0
L 45.46499924 25.48700008 45.46499924 26.50699804 0 P 0
L 45.46499924 50.88700008 45.46499924 51.90699804 0 P 0
L 45.48455978 113.93099134 45.48455978 114.9509893 0 P 0
L 45.593 101.8794 45.593 102.5906 0 P 0
L 46.0320009 93.726 46.9319991 93.726 0 P 0
L 46.482 93.2760009 46.482 94.1759991 0 P 0
L 47.3020009 88.646 48.2019991 88.646 0 P 0
L 47.4750003 57.785 48.49499826 57.785 0 P 0
L 47.4750003 83.185 48.49499826 83.185 0 P 0
L 47.49500026 25.99699906 48.51499822 25.99699906 0 P 0
L 47.49500026 51.39699906 48.51499822 51.39699906 0 P 0
L 47.5145608 114.44099032 48.53455876 114.44099032 0 P 0
L 47.752 88.1960009 47.752 89.0959991 0 P 0
L 47.7774 110.744 48.4886 110.744 0 P 0
L 47.98499928 57.27500102 47.98499928 58.29499898 0 P 0
L 47.98499928 82.67500102 47.98499928 83.69499898 0 P 0
L 48.00499924 25.48700008 48.00499924 26.50699804 0 P 0
L 48.00499924 50.88700008 48.00499924 51.90699804 0 P 0
L 48.02455978 113.93099134 48.02455978 114.9509893 0 P 0
L 48.133 110.3884 48.133 111.0996 0 P 0
L 48.5720009 93.726 49.4719991 93.726 0 P 0
L 49.022 93.2760009 49.022 94.1759991 0 P 0
L 49.1744 73.787 49.8856 73.787 0 P 0
L 49.53 73.4314 49.53 74.1426 0 P 0
L 49.8420009 88.646 50.7419991 88.646 0 P 0
L 50.0150003 57.785 51.03499826 57.785 0 P 0
L 50.0150003 83.185 51.03499826 83.185 0 P 0
L 50.03500026 25.99699906 51.05499822 25.99699906 0 P 0
L 50.03500026 51.39699906 51.05499822 51.39699906 0 P 0
L 50.0545608 114.44099032 51.07455876 114.44099032 0 P 0
L 50.292 88.1960009 50.292 89.0959991 0 P 0
L 50.52499928 57.27500102 50.52499928 58.29499898 0 P 0
L 50.52499928 82.67500102 50.52499928 83.69499898 0 P 0
L 50.54499924 25.48700008 50.54499924 26.50699804 0 P 0
L 50.54499924 50.88700008 50.54499924 51.90699804 0 P 0
L 50.56455978 113.93099134 50.56455978 114.9509893 0 P 0
L 51.0794 102.235 51.7906 102.235 0 P 0
L 51.1120009 93.726 52.0119991 93.726 0 P 0
L 51.435 101.8794 51.435 102.5906 0 P 0
L 51.562 93.2760009 51.562 94.1759991 0 P 0
L 52.3820009 88.646 53.2819991 88.646 0 P 0
L 52.5550003 57.785 53.57499826 57.785 0 P 0
L 52.5550003 83.185 53.57499826 83.185 0 P 0
L 52.57500026 25.99699906 53.59499822 25.99699906 0 P 0
L 52.57500026 51.39699906 53.59499822 51.39699906 0 P 0
L 52.5945608 114.44099032 53.61455876 114.44099032 0 P 0
L 52.832 88.1960009 52.832 89.0959991 0 P 0
L 53.06499928 57.27500102 53.06499928 58.29499898 0 P 0
L 53.06499928 82.67500102 53.06499928 83.69499898 0 P 0
L 53.08499924 25.48700008 53.08499924 26.50699804 0 P 0
L 53.08499924 50.88700008 53.08499924 51.90699804 0 P 0
L 53.10455978 113.93099134 53.10455978 114.9509893 0 P 0
L 53.6520009 93.726 54.5519991 93.726 0 P 0
L 54.102 93.2760009 54.102 94.1759991 0 P 0
L 54.2544 99.695 54.9656 99.695 0 P 0
L 54.61 99.3394 54.61 100.0506 0 P 0
L 54.9220009 88.646 55.8219991 88.646 0 P 0
L 55.0164 74.041 55.7276 74.041 0 P 0
L 55.0950003 57.785 56.11499826 57.785 0 P 0
L 55.0950003 83.185 56.11499826 83.185 0 P 0
L 55.11500026 25.99699906 56.13499822 25.99699906 0 P 0
L 55.11500026 51.39699906 56.13499822 51.39699906 0 P 0
L 55.1345608 114.44099032 56.15455876 114.44099032 0 P 0
L 55.372 73.6854 55.372 74.3966 0 P 0
L 55.372 88.1960009 55.372 89.0959991 0 P 0
L 55.60499928 57.27500102 55.60499928 58.29499898 0 P 0
L 55.60499928 82.67500102 55.60499928 83.69499898 0 P 0
L 55.62499924 25.48700008 55.62499924 26.50699804 0 P 0
L 55.62499924 50.88700008 55.62499924 51.90699804 0 P 0
L 55.64455978 113.93099134 55.64455978 114.9509893 0 P 0
L 55.9189382 110.2495382 56.6301382 110.2495382 0 P 0
L 56.2745382 109.8939382 56.2745382 110.6051382 0 P 0
L 57.0497208 86.4856792 57.7609208 86.4856792 0 P 0
L 57.3010792 74.1666792 58.0122792 74.1666792 0 P 0
L 57.4053208 86.1300792 57.4053208 86.8412792 0 P 0
L 57.45387544 116.84 58.16507544 116.84 0 P 0
L 57.6350003 57.785 58.65499826 57.785 0 P 0
L 57.6350003 83.185 58.65499826 83.185 0 P 0
L 57.65500026 25.99699906 58.67499822 25.99699906 0 P 0
L 57.65500026 51.39699906 58.67499822 51.39699906 0 P 0
L 57.6566792 73.8110792 57.6566792 74.5222792 0 P 0
L 57.6745608 114.44099032 58.69455876 114.44099032 0 P 0
L 57.80947544 116.4844 57.80947544 117.1956 0 P 0
L 58.0644 96.52 58.7756 96.52 0 P 0
L 58.0644 102.235 58.7756 102.235 0 P 0
L 58.14499928 57.27500102 58.14499928 58.29499898 0 P 0
L 58.14499928 82.67500102 58.14499928 83.69499898 0 P 0
L 58.16499924 25.48700008 58.16499924 26.50699804 0 P 0
L 58.16499924 50.88700008 58.16499924 51.90699804 0 P 0
L 58.18455978 113.93099134 58.18455978 114.9509893 0 P 0
L 58.42 96.1644 58.42 96.8756 0 P 0
L 58.42 101.8794 58.42 102.5906 0 P 0
L 58.6994 99.949 59.4106 99.949 0 P 0
L 59.055 99.5934 59.055 100.3046 0 P 0
L 59.2400009 88.646 60.1399991 88.646 0 P 0
L 59.69 88.1960009 59.69 89.0959991 0 P 0
L 59.9694 85.725 60.6806 85.725 0 P 0
L 60.1750003 57.785 61.19499826 57.785 0 P 0
L 60.1750003 83.185 61.19499826 83.185 0 P 0
L 60.19500026 25.99699906 61.21499822 25.99699906 0 P 0
L 60.19500026 51.39699906 61.21499822 51.39699906 0 P 0
L 60.2145608 114.44099032 61.23455876 114.44099032 0 P 0
L 60.325 85.3694 60.325 86.0806 0 P 0
L 60.5100009 93.726 61.4099991 93.726 0 P 0
L 60.68499928 57.27500102 60.68499928 58.29499898 0 P 0
L 60.68499928 82.67500102 60.68499928 83.69499898 0 P 0
L 60.70499924 25.48700008 60.70499924 26.50699804 0 P 0
L 60.70499924 50.88700008 60.70499924 51.90699804 0 P 0
L 60.72455978 113.93099134 60.72455978 114.9509893 0 P 0
L 60.96 93.2760009 60.96 94.1759991 0 P 0
L 61.7800009 88.646 62.6799991 88.646 0 P 0
L 62.23 88.1960009 62.23 89.0959991 0 P 0
L 62.5094 96.52 63.2206 96.52 0 P 0
L 62.7150003 57.785 63.73499826 57.785 0 P 0
L 62.7150003 83.185 63.73499826 83.185 0 P 0
L 62.73500026 25.99699906 63.75499822 25.99699906 0 P 0
L 62.73500026 51.39699906 63.75499822 51.39699906 0 P 0
L 62.7545608 114.44099032 63.77455876 114.44099032 0 P 0
L 62.865 96.1644 62.865 96.8756 0 P 0
L 63.0500009 93.726 63.9499991 93.726 0 P 0
L 63.22499928 57.27500102 63.22499928 58.29499898 0 P 0
L 63.22499928 82.67500102 63.22499928 83.69499898 0 P 0
L 63.24499924 25.48700008 63.24499924 26.50699804 0 P 0
L 63.24499924 50.88700008 63.24499924 51.90699804 0 P 0
L 63.26455978 113.93099134 63.26455978 114.9509893 0 P 0
L 63.2714 75.438 63.9826 75.438 0 P 0
L 63.5 93.2760009 63.5 94.1759991 0 P 0
L 63.627 75.0824 63.627 75.7936 0 P 0
L 64.3200009 88.646 65.2199991 88.646 0 P 0
L 64.77 88.1960009 64.77 89.0959991 0 P 0
L 65.0494 100.965 65.7606 100.965 0 P 0
L 65.0494 111.252 65.7606 111.252 0 P 0
L 65.2550003 57.785 66.27499826 57.785 0 P 0
L 65.2550003 83.185 66.27499826 83.185 0 P 0
L 65.27500026 25.99699906 66.29499822 25.99699906 0 P 0
L 65.27500026 51.39699906 66.29499822 51.39699906 0 P 0
L 65.2945608 114.44099032 66.31455876 114.44099032 0 P 0
L 65.405 100.6094 65.405 101.3206 0 P 0
L 65.405 110.8964 65.405 111.6076 0 P 0
L 65.5900009 93.726 66.4899991 93.726 0 P 0
L 65.76499928 57.27500102 65.76499928 58.29499898 0 P 0
L 65.76499928 82.67500102 65.76499928 83.69499898 0 P 0
L 65.78499924 25.48700008 65.78499924 26.50699804 0 P 0
L 65.78499924 50.88700008 65.78499924 51.90699804 0 P 0
L 65.80455978 113.93099134 65.80455978 114.9509893 0 P 0
L 66.04 93.2760009 66.04 94.1759991 0 P 0
L 66.8600009 88.646 67.7599991 88.646 0 P 0
L 67.31 88.1960009 67.31 89.0959991 0 P 0
L 67.5894 99.695 68.3006 99.695 0 P 0
L 67.7950003 57.785 68.81499826 57.785 0 P 0
L 67.7950003 83.185 68.81499826 83.185 0 P 0
L 67.81500026 25.99699906 68.83499822 25.99699906 0 P 0
L 67.81500026 51.39699906 68.83499822 51.39699906 0 P 0
L 67.945 99.3394 67.945 100.0506 0 P 0
L 68.1300009 93.726 69.0299991 93.726 0 P 0
L 68.2244 86.995 68.9356 86.995 0 P 0
L 68.30499928 57.27500102 68.30499928 58.29499898 0 P 0
L 68.30499928 82.67500102 68.30499928 83.69499898 0 P 0
L 68.32499924 25.48700008 68.32499924 26.50699804 0 P 0
L 68.32499924 50.88700008 68.32499924 51.90699804 0 P 0
L 68.58 86.6394 68.58 87.3506 0 P 0
L 68.58 93.2760009 68.58 94.1759991 0 P 0
L 69.4000009 88.646 70.2999991 88.646 0 P 0
L 69.6087 106.172 70.8533 106.172 0 P 0
L 69.85 88.1960009 69.85 89.0959991 0 P 0
L 70.231 105.5497 70.231 106.7943 0 P 0
L 70.3350003 57.785 71.35499826 57.785 0 P 0
L 70.3350003 83.185 71.35499826 83.185 0 P 0
L 70.35500026 25.99699906 71.37499822 25.99699906 0 P 0
L 70.35500026 51.39699906 71.37499822 51.39699906 0 P 0
L 70.6700009 93.726 71.5699991 93.726 0 P 0
L 70.84499928 57.27500102 70.84499928 58.29499898 0 P 0
L 70.84499928 82.67500102 70.84499928 83.69499898 0 P 0
L 70.86499924 25.48700008 70.86499924 26.50699804 0 P 0
L 70.86499924 50.88700008 70.86499924 51.90699804 0 P 0
L 71.12 93.2760009 71.12 94.1759991 0 P 0
L 71.9400009 88.646 72.8399991 88.646 0 P 0
L 72.39 88.1960009 72.39 89.0959991 0 P 0
L 72.8750003 57.785 73.89499826 57.785 0 P 0
L 72.8750003 83.185 73.89499826 83.185 0 P 0
L 72.89500026 25.99699906 73.91499822 25.99699906 0 P 0
L 72.89500026 51.39699906 73.91499822 51.39699906 0 P 0
L 73.2100009 93.726 74.1099991 93.726 0 P 0
L 73.38499928 57.27500102 73.38499928 58.29499898 0 P 0
L 73.38499928 82.67500102 73.38499928 83.69499898 0 P 0
L 73.40499924 25.48700008 73.40499924 26.50699804 0 P 0
L 73.40499924 50.88700008 73.40499924 51.90699804 0 P 0
L 73.66 93.2760009 73.66 94.1759991 0 P 0
L 74.3077 103.124 75.5523 103.124 0 P 0
L 74.3077 109.22 75.5523 109.22 0 P 0
L 74.4800009 88.646 75.3799991 88.646 0 P 0
L 74.93 88.1960009 74.93 89.0959991 0 P 0
L 74.93 102.5017 74.93 103.7463 0 P 0
L 74.93 108.5977 74.93 109.8423 0 P 0
L 75.3150005 58.20499916 78.31499958 58.20499916 0 P 0
L 75.3150005 82.71500094 78.31499958 82.71500094 0 P 0
L 75.33500046 26.41699822 78.33499954 26.41699822 0 P 0
L 75.33500046 50.927 78.33499954 50.927 0 P 0
L 75.7500009 93.726 76.6499991 93.726 0 P 0
L 76.2 93.2760009 76.2 94.1759991 0 P 0
L 76.4794 67.31 77.1906 67.31 0 P 0
L 76.4794 71.12 77.1906 71.12 0 P 0
L 76.4794 73.66 77.1906 73.66 0 P 0
L 76.81500004 56.70499962 76.81500004 59.7049987 0 P 0
L 76.81500004 81.2150014 76.81500004 84.21500048 0 P 0
L 76.835 24.91699868 76.835 27.91699776 0 P 0
L 76.835 49.42700046 76.835 52.42699954 0 P 0
L 76.835 66.9544 76.835 67.6656 0 P 0
L 76.835 70.7644 76.835 71.4756 0 P 0
L 76.835 73.3044 76.835 74.0156 0 P 0
L 77.0200009 88.646 77.9199991 88.646 0 P 0
L 77.47 88.1960009 77.47 89.0959991 0 P 0
L 79.0194 100.33 79.7306 100.33 0 P 0
L 79.375 99.9744 79.375 100.6856 0 P 0
L 80.7300011 63.5 81.8299989 63.5 0 P 0
L 80.7300011 66.04 81.8299989 66.04 0 P 0
L 80.7300011 68.58 81.8299989 68.58 0 P 0
L 80.7300011 71.12 81.8299989 71.12 0 P 0
L 80.7300011 73.66 81.8299989 73.66 0 P 0
L 81.28 62.9500011 81.28 64.0499989 0 P 0
L 81.28 65.4900011 81.28 66.5899989 0 P 0
L 81.28 68.0300011 81.28 69.1299989 0 P 0
L 81.28 70.5700011 81.28 71.6699989 0 P 0
L 81.28 73.1100011 81.28 74.2099989 0 P 0
L 82.2198 26.035 85.4202 26.035 0 P 0
L 82.2198 115.57 85.4202 115.57 0 P 0
L 83.2700011 63.5 84.3699989 63.5 0 P 0
L 83.2700011 66.04 84.3699989 66.04 0 P 0
L 83.2700011 68.58 84.3699989 68.58 0 P 0
L 83.2700011 71.12 84.3699989 71.12 0 P 0
L 83.2700011 73.66 84.3699989 73.66 0 P 0
L 83.82 24.4348 83.82 27.6352 0 P 0
L 83.82 62.9500011 83.82 64.0499989 0 P 0
L 83.82 65.4900011 83.82 66.5899989 0 P 0
L 83.82 68.0300011 83.82 69.1299989 0 P 0
L 83.82 70.5700011 83.82 71.6699989 0 P 0
L 83.82 73.1100011 83.82 74.2099989 0 P 0
L 83.82 113.9698 83.82 117.1702 0 P 0
